proton dca distribution:
dca[cm]	dN/d(dca)[cm^-1]	error
0.050000	0.001639	0.000043
0.150000	0.004084	0.000068
0.250000	0.005065	0.000076
0.350000	0.004970	0.000075
0.450000	0.004076	0.000068
0.550000	0.003167	0.000060
0.650000	0.002321	0.000051
0.750000	0.001666	0.000043
0.850000	0.001344	0.000039
0.950000	0.001101	0.000035
1.050000	0.000935	0.000033
1.150000	0.000798	0.000030
1.250000	0.000741	0.000029
1.350000	0.000793	0.000030
1.450000	0.000719	0.000029
1.550000	0.000639	0.000027
1.650000	0.000626	0.000027
1.750000	0.000592	0.000026
1.850000	0.000588	0.000026
1.950000	0.000623	0.000027
2.050000	0.000606	0.000026
2.150000	0.000587	0.000026
2.250000	0.000586	0.000026
2.350000	0.000621	0.000027
2.450000	0.000597	0.000026
2.550000	0.000623	0.000027
2.650000	0.000544	0.000025
2.750000	0.000613	0.000026
2.850000	0.000639	0.000027
2.950000	0.000558	0.000025
3.050000	0.000584	0.000026
3.150000	0.000548	0.000025
3.250000	0.000561	0.000025
3.350000	0.000529	0.000024
3.450000	0.000540	0.000025
3.550000	0.000501	0.000024
3.650000	0.000547	0.000025
3.750000	0.000510	0.000024
3.850000	0.000523	0.000024
3.950000	0.000454	0.000023
4.050000	0.000327	0.000019
4.150000	0.000358	0.000020
4.250000	0.000422	0.000022
4.350000	0.000422	0.000022
4.450000	0.000430	0.000022
4.550000	0.000432	0.000022
4.650000	0.000468	0.000023
4.750000	0.000442	0.000022
4.850000	0.000455	0.000023
4.950000	0.000485	0.000023
5.050000	0.000470	0.000023
5.150000	0.000475	0.000023
5.250000	0.000519	0.000024
5.350000	0.000442	0.000022
5.450000	0.000490	0.000024
5.550000	0.000429	0.000022
5.650000	0.000477	0.000023
5.750000	0.000494	0.000024
5.850000	0.000482	0.000023
5.950000	0.000486	0.000023
6.050000	0.000464	0.000023
6.150000	0.000445	0.000022
6.250000	0.000432	0.000022
6.350000	0.000430	0.000022
6.450000	0.000463	0.000023
6.550000	0.000476	0.000023
6.650000	0.000501	0.000024
6.750000	0.000490	0.000024
6.850000	0.000503	0.000024
6.950000	0.000459	0.000023
7.050000	0.000476	0.000023
7.150000	0.000480	0.000023
7.250000	0.000464	0.000023
7.350000	0.000462	0.000023
7.450000	0.000447	0.000023
7.550000	0.000439	0.000022
7.650000	0.000460	0.000023
7.750000	0.000496	0.000024
7.850000	0.000469	0.000023
7.950000	0.000447	0.000023
8.050000	0.000468	0.000023
8.150000	0.000456	0.000023
8.250000	0.000482	0.000023
8.350000	0.000442	0.000022
8.450000	0.000458	0.000023
8.550000	0.000421	0.000022
8.650000	0.000458	0.000023
8.750000	0.000427	0.000022
8.850000	0.000429	0.000022
8.950000	0.000422	0.000022
9.050000	0.000490	0.000024
9.150000	0.000450	0.000023
9.250000	0.000464	0.000023
9.350000	0.000443	0.000022
9.450000	0.000490	0.000024
9.550000	0.000447	0.000023
9.650000	0.000471	0.000023
9.750000	0.000452	0.000023
9.850000	0.000467	0.000023
9.950000	0.000487	0.000023
10.050000	0.000427	0.000022
10.150000	0.000445	0.000022
10.250000	0.000438	0.000022
10.350000	0.000472	0.000023
10.450000	0.000458	0.000023
10.550000	0.000443	0.000022
10.650000	0.000439	0.000022
10.750000	0.000415	0.000022
10.850000	0.000488	0.000024
10.950000	0.000459	0.000023
11.050000	0.000433	0.000022
11.150000	0.000464	0.000023
11.250000	0.000472	0.000023
11.350000	0.000472	0.000023
11.450000	0.000446	0.000022
11.550000	0.000429	0.000022
11.650000	0.000441	0.000022
11.750000	0.000450	0.000023
11.850000	0.000438	0.000022
11.950000	0.000438	0.000022
12.050000	0.000464	0.000023
12.150000	0.000445	0.000022
12.250000	0.000438	0.000022
12.350000	0.000448	0.000023
12.450000	0.000422	0.000022
12.550000	0.000422	0.000022
12.650000	0.000455	0.000023
12.750000	0.000426	0.000022
12.850000	0.000410	0.000022
12.950000	0.000416	0.000022
13.050000	0.000458	0.000023
13.150000	0.000399	0.000021
13.250000	0.000433	0.000022
13.350000	0.000446	0.000022
13.450000	0.000429	0.000022
13.550000	0.000442	0.000022
13.650000	0.000398	0.000021
13.750000	0.000433	0.000022
13.850000	0.000407	0.000021
13.950000	0.000437	0.000022
14.050000	0.000412	0.000022
14.150000	0.000441	0.000022
14.250000	0.000390	0.000021
14.350000	0.000448	0.000023
14.450000	0.000427	0.000022
14.550000	0.000419	0.000022
14.650000	0.000447	0.000023
14.750000	0.000404	0.000021
14.850000	0.000399	0.000021
14.950000	0.000390	0.000021
15.050000	0.000402	0.000021
15.150000	0.000415	0.000022
15.250000	0.000396	0.000021
15.350000	0.000432	0.000022
15.450000	0.000404	0.000021
15.550000	0.000419	0.000022
15.650000	0.000409	0.000022
15.750000	0.000421	0.000022
15.850000	0.000426	0.000022
15.950000	0.000409	0.000022
16.050000	0.000430	0.000022
16.150000	0.000409	0.000022
16.250000	0.000383	0.000021
16.350000	0.000381	0.000021
16.450000	0.000404	0.000021
16.550000	0.000419	0.000022
16.650000	0.000395	0.000021
16.750000	0.000375	0.000021
16.850000	0.000378	0.000021
16.950000	0.000379	0.000021
17.050000	0.000348	0.000020
17.150000	0.000410	0.000022
17.250000	0.000384	0.000021
17.350000	0.000386	0.000021
17.450000	0.000399	0.000021
17.550000	0.000391	0.000021
17.650000	0.000388	0.000021
17.750000	0.000366	0.000020
17.850000	0.000384	0.000021
17.950000	0.000365	0.000020
18.050000	0.000379	0.000021
18.150000	0.000404	0.000021
18.250000	0.000401	0.000021
18.350000	0.000364	0.000020
18.450000	0.000345	0.000020
18.550000	0.000370	0.000020
18.650000	0.000386	0.000021
18.750000	0.000367	0.000020
18.850000	0.000353	0.000020
18.950000	0.000392	0.000021
19.050000	0.000381	0.000021
19.150000	0.000408	0.000021
19.250000	0.000367	0.000020
19.350000	0.000369	0.000020
19.450000	0.000370	0.000020
19.550000	0.000378	0.000021
19.650000	0.000388	0.000021
19.750000	0.000330	0.000019
19.850000	0.000382	0.000021
19.950000	0.000385	0.000021
pbar dca distribution:
dca[cm]	dN/d(dca)[cm^-1]	error
0.050000	0.001232	0.000037
0.150000	0.003082	0.000059
0.250000	0.003860	0.000066
0.350000	0.003703	0.000065
0.450000	0.003001	0.000058
0.550000	0.002292	0.000051
0.650000	0.001654	0.000043
0.750000	0.001146	0.000036
0.850000	0.000887	0.000032
0.950000	0.000718	0.000029
1.050000	0.000589	0.000026
1.150000	0.000436	0.000022
1.250000	0.000427	0.000022
1.350000	0.000350	0.000020
1.450000	0.000332	0.000019
1.550000	0.000250	0.000017
1.650000	0.000243	0.000017
1.750000	0.000214	0.000016
1.850000	0.000187	0.000015
1.950000	0.000171	0.000014
2.050000	0.000181	0.000014
2.150000	0.000160	0.000013
2.250000	0.000134	0.000012
2.350000	0.000116	0.000011
2.450000	0.000104	0.000011
2.550000	0.000109	0.000011
2.650000	0.000111	0.000011
2.750000	0.000089	0.000010
2.850000	0.000059	0.000008
2.950000	0.000060	0.000008
3.050000	0.000060	0.000008
3.150000	0.000061	0.000008
3.250000	0.000060	0.000008
3.350000	0.000059	0.000008
3.450000	0.000059	0.000008
3.550000	0.000048	0.000007
3.650000	0.000035	0.000006
3.750000	0.000039	0.000007
3.850000	0.000032	0.000006
3.950000	0.000034	0.000006
4.050000	0.000035	0.000006
4.150000	0.000029	0.000006
4.250000	0.000026	0.000005
4.350000	0.000032	0.000006
4.450000	0.000027	0.000006
4.550000	0.000024	0.000005
4.650000	0.000022	0.000005
4.750000	0.000036	0.000006
4.850000	0.000019	0.000005
4.950000	0.000040	0.000007
5.050000	0.000026	0.000005
5.150000	0.000023	0.000005
5.250000	0.000023	0.000005
5.350000	0.000027	0.000006
5.450000	0.000028	0.000006
5.550000	0.000040	0.000007
5.650000	0.000016	0.000004
5.750000	0.000033	0.000006
5.850000	0.000020	0.000005
5.950000	0.000019	0.000005
6.050000	0.000022	0.000005
6.150000	0.000027	0.000006
6.250000	0.000019	0.000005
6.350000	0.000024	0.000005
6.450000	0.000025	0.000005
6.550000	0.000015	0.000004
6.650000	0.000024	0.000005
6.750000	0.000015	0.000004
6.850000	0.000022	0.000005
6.950000	0.000019	0.000005
7.050000	0.000022	0.000005
7.150000	0.000012	0.000004
7.250000	0.000017	0.000004
7.350000	0.000014	0.000004
7.450000	0.000023	0.000005
7.550000	0.000014	0.000004
7.650000	0.000009	0.000003
7.750000	0.000016	0.000004
7.850000	0.000019	0.000005
7.950000	0.000010	0.000003
8.050000	0.000017	0.000004
8.150000	0.000022	0.000005
8.250000	0.000015	0.000004
8.350000	0.000018	0.000005
8.450000	0.000015	0.000004
8.550000	0.000022	0.000005
8.650000	0.000019	0.000005
8.750000	0.000025	0.000005
8.850000	0.000012	0.000004
8.950000	0.000018	0.000005
9.050000	0.000012	0.000004
9.150000	0.000031	0.000006
9.250000	0.000015	0.000004
9.350000	0.000012	0.000004
9.450000	0.000010	0.000003
9.550000	0.000014	0.000004
9.650000	0.000011	0.000004
9.750000	0.000016	0.000004
9.850000	0.000018	0.000005
9.950000	0.000016	0.000004
10.050000	0.000019	0.000005
10.150000	0.000008	0.000003
10.250000	0.000017	0.000004
10.350000	0.000017	0.000004
10.450000	0.000014	0.000004
10.550000	0.000017	0.000004
10.650000	0.000015	0.000004
10.750000	0.000010	0.000003
10.850000	0.000016	0.000004
10.950000	0.000015	0.000004
11.050000	0.000012	0.000004
11.150000	0.000016	0.000004
11.250000	0.000016	0.000004
11.350000	0.000017	0.000004
11.450000	0.000022	0.000005
11.550000	0.000018	0.000005
11.650000	0.000022	0.000005
11.750000	0.000020	0.000005
11.850000	0.000006	0.000003
11.950000	0.000014	0.000004
12.050000	0.000015	0.000004
12.150000	0.000014	0.000004
12.250000	0.000008	0.000003
12.350000	0.000012	0.000004
12.450000	0.000014	0.000004
12.550000	0.000006	0.000003
12.650000	0.000008	0.000003
12.750000	0.000014	0.000004
12.850000	0.000019	0.000005
12.950000	0.000018	0.000005
13.050000	0.000016	0.000004
13.150000	0.000014	0.000004
13.250000	0.000019	0.000005
13.350000	0.000009	0.000003
13.450000	0.000015	0.000004
13.550000	0.000016	0.000004
13.650000	0.000009	0.000003
13.750000	0.000014	0.000004
13.850000	0.000010	0.000003
13.950000	0.000009	0.000003
14.050000	0.000011	0.000004
14.150000	0.000015	0.000004
14.250000	0.000015	0.000004
14.350000	0.000006	0.000003
14.450000	0.000014	0.000004
14.550000	0.000015	0.000004
14.650000	0.000012	0.000004
14.750000	0.000020	0.000005
14.850000	0.000011	0.000004
14.950000	0.000014	0.000004
15.050000	0.000017	0.000004
15.150000	0.000010	0.000003
15.250000	0.000018	0.000005
15.350000	0.000010	0.000003
15.450000	0.000017	0.000004
15.550000	0.000009	0.000003
15.650000	0.000018	0.000005
15.750000	0.000022	0.000005
15.850000	0.000018	0.000005
15.950000	0.000015	0.000004
16.050000	0.000016	0.000004
16.150000	0.000007	0.000003
16.250000	0.000010	0.000003
16.350000	0.000016	0.000004
16.450000	0.000019	0.000005
16.550000	0.000012	0.000004
16.650000	0.000012	0.000004
16.750000	0.000015	0.000004
16.850000	0.000010	0.000003
16.950000	0.000012	0.000004
17.050000	0.000019	0.000005
17.150000	0.000011	0.000004
17.250000	0.000015	0.000004
17.350000	0.000012	0.000004
17.450000	0.000014	0.000004
17.550000	0.000014	0.000004
17.650000	0.000010	0.000003
17.750000	0.000011	0.000004
17.850000	0.000012	0.000004
17.950000	0.000012	0.000004
18.050000	0.000008	0.000003
18.150000	0.000015	0.000004
18.250000	0.000020	0.000005
18.350000	0.000012	0.000004
18.450000	0.000007	0.000003
18.550000	0.000011	0.000004
18.650000	0.000018	0.000005
18.750000	0.000009	0.000003
18.850000	0.000005	0.000002
18.950000	0.000012	0.000004
19.050000	0.000011	0.000004
19.150000	0.000018	0.000005
19.250000	0.000011	0.000004
19.350000	0.000014	0.000004
19.450000	0.000011	0.000004
19.550000	0.000016	0.000004
19.650000	0.000023	0.000005
19.750000	0.000006	0.000003
19.850000	0.000012	0.000004
19.950000	0.000017	0.000004
pbar dca distribution scaled:
dca[cm]	dN/d(dca)[cm^-1]	error
0.050000	0.001663	0.000050
0.150000	0.004158	0.000080
0.250000	0.005208	0.000089
0.350000	0.004997	0.000087
0.450000	0.004049	0.000079
0.550000	0.003093	0.000069
0.650000	0.002231	0.000058
0.750000	0.001546	0.000049
0.850000	0.001196	0.000043
0.950000	0.000969	0.000038
1.050000	0.000795	0.000035
1.150000	0.000588	0.000030
1.250000	0.000576	0.000030
1.350000	0.000472	0.000027
1.450000	0.000448	0.000026
1.550000	0.000338	0.000023
1.650000	0.000329	0.000022
1.750000	0.000289	0.000021
1.850000	0.000252	0.000020
1.950000	0.000231	0.000019
2.050000	0.000244	0.000019
2.150000	0.000215	0.000018
2.250000	0.000180	0.000017
2.350000	0.000156	0.000015
2.450000	0.000141	0.000015
2.550000	0.000147	0.000015
2.650000	0.000150	0.000015
2.750000	0.000121	0.000014
2.850000	0.000079	0.000011
2.950000	0.000081	0.000011
3.050000	0.000081	0.000011
3.150000	0.000083	0.000011
3.250000	0.000081	0.000011
3.350000	0.000079	0.000011
3.450000	0.000079	0.000011
3.550000	0.000064	0.000010
3.650000	0.000047	0.000009
3.750000	0.000052	0.000009
3.850000	0.000043	0.000008
3.950000	0.000046	0.000008
4.050000	0.000047	0.000009
4.150000	0.000040	0.000008
4.250000	0.000035	0.000007
4.350000	0.000043	0.000008
4.450000	0.000037	0.000007
4.550000	0.000032	0.000007
4.650000	0.000029	0.000007
4.750000	0.000049	0.000009
4.850000	0.000026	0.000006
4.950000	0.000053	0.000009
5.050000	0.000035	0.000007
5.150000	0.000031	0.000007
5.250000	0.000031	0.000007
5.350000	0.000037	0.000007
5.450000	0.000038	0.000008
5.550000	0.000053	0.000009
5.650000	0.000021	0.000006
5.750000	0.000044	0.000008
5.850000	0.000028	0.000006
5.950000	0.000026	0.000006
6.050000	0.000029	0.000007
6.150000	0.000037	0.000007
6.250000	0.000026	0.000006
6.350000	0.000032	0.000007
6.450000	0.000034	0.000007
6.550000	0.000020	0.000006
6.650000	0.000032	0.000007
6.750000	0.000020	0.000006
6.850000	0.000029	0.000007
6.950000	0.000026	0.000006
7.050000	0.000029	0.000007
7.150000	0.000017	0.000005
7.250000	0.000023	0.000006
7.350000	0.000018	0.000005
7.450000	0.000031	0.000007
7.550000	0.000018	0.000005
7.650000	0.000012	0.000004
7.750000	0.000021	0.000006
7.850000	0.000026	0.000006
7.950000	0.000014	0.000005
8.050000	0.000023	0.000006
8.150000	0.000029	0.000007
8.250000	0.000020	0.000006
8.350000	0.000024	0.000006
8.450000	0.000020	0.000006
8.550000	0.000029	0.000007
8.650000	0.000026	0.000006
8.750000	0.000034	0.000007
8.850000	0.000017	0.000005
8.950000	0.000024	0.000006
9.050000	0.000017	0.000005
9.150000	0.000041	0.000008
9.250000	0.000020	0.000006
9.350000	0.000017	0.000005
9.450000	0.000014	0.000005
9.550000	0.000018	0.000005
9.650000	0.000015	0.000005
9.750000	0.000021	0.000006
9.850000	0.000024	0.000006
9.950000	0.000021	0.000006
10.050000	0.000026	0.000006
10.150000	0.000011	0.000004
10.250000	0.000023	0.000006
10.350000	0.000023	0.000006
10.450000	0.000018	0.000005
10.550000	0.000023	0.000006
10.650000	0.000020	0.000006
10.750000	0.000014	0.000005
10.850000	0.000021	0.000006
10.950000	0.000020	0.000006
11.050000	0.000017	0.000005
11.150000	0.000021	0.000006
11.250000	0.000021	0.000006
11.350000	0.000023	0.000006
11.450000	0.000029	0.000007
11.550000	0.000024	0.000006
11.650000	0.000029	0.000007
11.750000	0.000028	0.000006
11.850000	0.000008	0.000003
11.950000	0.000018	0.000005
12.050000	0.000020	0.000006
12.150000	0.000018	0.000005
12.250000	0.000011	0.000004
12.350000	0.000017	0.000005
12.450000	0.000018	0.000005
12.550000	0.000008	0.000003
12.650000	0.000011	0.000004
12.750000	0.000018	0.000005
12.850000	0.000026	0.000006
12.950000	0.000024	0.000006
13.050000	0.000021	0.000006
13.150000	0.000018	0.000005
13.250000	0.000026	0.000006
13.350000	0.000012	0.000004
13.450000	0.000020	0.000006
13.550000	0.000021	0.000006
13.650000	0.000012	0.000004
13.750000	0.000018	0.000005
13.850000	0.000014	0.000005
13.950000	0.000012	0.000004
14.050000	0.000015	0.000005
14.150000	0.000020	0.000006
14.250000	0.000020	0.000006
14.350000	0.000008	0.000003
14.450000	0.000018	0.000005
14.550000	0.000020	0.000006
14.650000	0.000017	0.000005
14.750000	0.000028	0.000006
14.850000	0.000015	0.000005
14.950000	0.000018	0.000005
15.050000	0.000023	0.000006
15.150000	0.000014	0.000005
15.250000	0.000024	0.000006
15.350000	0.000014	0.000005
15.450000	0.000023	0.000006
15.550000	0.000012	0.000004
15.650000	0.000024	0.000006
15.750000	0.000029	0.000007
15.850000	0.000024	0.000006
15.950000	0.000020	0.000006
16.050000	0.000021	0.000006
16.150000	0.000009	0.000004
16.250000	0.000014	0.000005
16.350000	0.000021	0.000006
16.450000	0.000026	0.000006
16.550000	0.000017	0.000005
16.650000	0.000017	0.000005
16.750000	0.000020	0.000006
16.850000	0.000014	0.000005
16.950000	0.000017	0.000005
17.050000	0.000026	0.000006
17.150000	0.000015	0.000005
17.250000	0.000020	0.000006
17.350000	0.000017	0.000005
17.450000	0.000018	0.000005
17.550000	0.000018	0.000005
17.650000	0.000014	0.000005
17.750000	0.000015	0.000005
17.850000	0.000017	0.000005
17.950000	0.000017	0.000005
18.050000	0.000011	0.000004
18.150000	0.000020	0.000006
18.250000	0.000028	0.000006
18.350000	0.000017	0.000005
18.450000	0.000009	0.000004
18.550000	0.000015	0.000005
18.650000	0.000024	0.000006
18.750000	0.000012	0.000004
18.850000	0.000006	0.000003
18.950000	0.000017	0.000005
19.050000	0.000015	0.000005
19.150000	0.000024	0.000006
19.250000	0.000015	0.000005
19.350000	0.000018	0.000005
19.450000	0.000015	0.000005
19.550000	0.000021	0.000006
19.650000	0.000031	0.000007
19.750000	0.000008	0.000003
19.850000	0.000017	0.000005
19.950000	0.000023	0.000006
proton dca distribution fitted:
dca[cm]	dN/d(dca)[cm^-1]	error
0.050000	0.001663	0.000050
0.150000	0.004158	0.000080
0.250000	0.005208	0.000089
0.350000	0.004998	0.000087
0.450000	0.004055	0.000079
0.550000	0.003108	0.000069
0.650000	0.002263	0.000058
0.750000	0.001603	0.000049
0.850000	0.001283	0.000043
0.950000	0.001089	0.000038
1.050000	0.000951	0.000035
1.150000	0.000781	0.000030
1.250000	0.000803	0.000030
1.350000	0.000731	0.000027
1.450000	0.000735	0.000026
1.550000	0.000650	0.000023
1.650000	0.000662	0.000022
1.750000	0.000641	0.000021
1.850000	0.000620	0.000020
1.950000	0.000612	0.000019
2.050000	0.000636	0.000019
2.150000	0.000616	0.000018
2.250000	0.000589	0.000017
2.350000	0.000570	0.000015
2.450000	0.000560	0.000015
2.550000	0.000570	0.000015
2.650000	0.000577	0.000015
2.750000	0.000550	0.000014
2.850000	0.000511	0.000011
2.950000	0.000515	0.000011
3.050000	0.000516	0.000011
3.150000	0.000519	0.000011
3.250000	0.000518	0.000011
3.350000	0.000517	0.000011
3.450000	0.000518	0.000011
3.550000	0.000503	0.000010
3.650000	0.000487	0.000009
3.750000	0.000492	0.000009
3.850000	0.000483	0.000008
3.950000	0.000486	0.000008
4.050000	0.000488	0.000009
4.150000	0.000480	0.000008
4.250000	0.000476	0.000007
4.350000	0.000484	0.000008
4.450000	0.000478	0.000007
4.550000	0.000473	0.000007
4.650000	0.000470	0.000007
4.750000	0.000490	0.000009
4.850000	0.000467	0.000006
4.950000	0.000495	0.000009
5.050000	0.000476	0.000007
5.150000	0.000472	0.000007
5.250000	0.000472	0.000007
5.350000	0.000478	0.000007
5.450000	0.000480	0.000008
5.550000	0.000495	0.000009
5.650000	0.000463	0.000006
5.750000	0.000486	0.000008
5.850000	0.000469	0.000006
5.950000	0.000467	0.000006
6.050000	0.000470	0.000007
6.150000	0.000478	0.000007
6.250000	0.000467	0.000006
6.350000	0.000473	0.000007
6.450000	0.000475	0.000007
6.550000	0.000461	0.000006
6.650000	0.000473	0.000007
6.750000	0.000461	0.000006
6.850000	0.000470	0.000007
6.950000	0.000467	0.000006
7.050000	0.000470	0.000007
7.150000	0.000458	0.000005
7.250000	0.000464	0.000006
7.350000	0.000460	0.000005
7.450000	0.000472	0.000007
7.550000	0.000460	0.000005
7.650000	0.000454	0.000004
7.750000	0.000463	0.000006
7.850000	0.000467	0.000006
7.950000	0.000455	0.000005
8.050000	0.000464	0.000006
8.150000	0.000470	0.000007
8.250000	0.000461	0.000006
8.350000	0.000466	0.000006
8.450000	0.000461	0.000006
8.550000	0.000470	0.000007
8.650000	0.000467	0.000006
8.750000	0.000475	0.000007
8.850000	0.000458	0.000005
8.950000	0.000466	0.000006
9.050000	0.000458	0.000005
9.150000	0.000483	0.000008
9.250000	0.000461	0.000006
9.350000	0.000458	0.000005
9.450000	0.000455	0.000005
9.550000	0.000460	0.000005
9.650000	0.000457	0.000005
9.750000	0.000463	0.000006
9.850000	0.000466	0.000006
9.950000	0.000463	0.000006
10.050000	0.000467	0.000006
10.150000	0.000452	0.000004
10.250000	0.000464	0.000006
10.350000	0.000464	0.000006
10.450000	0.000460	0.000005
10.550000	0.000464	0.000006
10.650000	0.000461	0.000006
10.750000	0.000455	0.000005
10.850000	0.000463	0.000006
10.950000	0.000461	0.000006
11.050000	0.000458	0.000005
11.150000	0.000463	0.000006
11.250000	0.000463	0.000006
11.350000	0.000464	0.000006
11.450000	0.000470	0.000007
11.550000	0.000466	0.000006
11.650000	0.000470	0.000007
11.750000	0.000469	0.000006
11.850000	0.000449	0.000003
11.950000	0.000460	0.000005
12.050000	0.000461	0.000006
12.150000	0.000460	0.000005
12.250000	0.000452	0.000004
12.350000	0.000458	0.000005
12.450000	0.000460	0.000005
12.550000	0.000449	0.000003
12.650000	0.000452	0.000004
12.750000	0.000460	0.000005
12.850000	0.000467	0.000006
12.950000	0.000466	0.000006
13.050000	0.000463	0.000006
13.150000	0.000460	0.000005
13.250000	0.000467	0.000006
13.350000	0.000454	0.000004
13.450000	0.000461	0.000006
13.550000	0.000463	0.000006
13.650000	0.000454	0.000004
13.750000	0.000460	0.000005
13.850000	0.000455	0.000005
13.950000	0.000454	0.000004
14.050000	0.000457	0.000005
14.150000	0.000461	0.000006
14.250000	0.000461	0.000006
14.350000	0.000449	0.000003
14.450000	0.000460	0.000005
14.550000	0.000461	0.000006
14.650000	0.000458	0.000005
14.750000	0.000469	0.000006
14.850000	0.000457	0.000005
14.950000	0.000460	0.000005
15.050000	0.000464	0.000006
15.150000	0.000455	0.000005
15.250000	0.000466	0.000006
15.350000	0.000455	0.000005
15.450000	0.000464	0.000006
15.550000	0.000454	0.000004
15.650000	0.000466	0.000006
15.750000	0.000470	0.000007
15.850000	0.000466	0.000006
15.950000	0.000461	0.000006
16.050000	0.000463	0.000006
16.150000	0.000451	0.000004
16.250000	0.000455	0.000005
16.350000	0.000463	0.000006
16.450000	0.000467	0.000006
16.550000	0.000458	0.000005
16.650000	0.000458	0.000005
16.750000	0.000461	0.000006
16.850000	0.000455	0.000005
16.950000	0.000458	0.000005
17.050000	0.000467	0.000006
17.150000	0.000457	0.000005
17.250000	0.000461	0.000006
17.350000	0.000458	0.000005
17.450000	0.000460	0.000005
17.550000	0.000460	0.000005
17.650000	0.000455	0.000005
17.750000	0.000457	0.000005
17.850000	0.000458	0.000005
17.950000	0.000458	0.000005
18.050000	0.000452	0.000004
18.150000	0.000461	0.000006
18.250000	0.000469	0.000006
18.350000	0.000458	0.000005
18.450000	0.000451	0.000004
18.550000	0.000457	0.000005
18.650000	0.000466	0.000006
18.750000	0.000454	0.000004
18.850000	0.000447	0.000003
18.950000	0.000458	0.000005
19.050000	0.000457	0.000005
19.150000	0.000466	0.000006
19.250000	0.000457	0.000005
19.350000	0.000460	0.000005
19.450000	0.000457	0.000005
19.550000	0.000463	0.000006
19.650000	0.000472	0.000007
19.750000	0.000449	0.000003
19.850000	0.000458	0.000005
19.950000	0.000464	0.000006
proton background dca distribution fitted:
dca[cm]	dN/d(dca)[cm^-1]	error
0.030000	0.000000	0.000000
0.090000	0.000000	0.000008
0.150000	0.000000	0.000060
0.210000	0.000000	0.000208
0.270000	0.000000	0.000496
0.330000	0.000001	0.000948
0.390000	0.000002	0.001566
0.450000	0.000005	0.002337
0.510000	0.000010	0.003235
0.570000	0.000018	0.004230
0.630000	0.000028	0.005291
0.690000	0.000041	0.006387
0.750000	0.000056	0.007492
0.810000	0.000074	0.008583
0.870000	0.000093	0.009643
0.930000	0.000114	0.010659
0.990000	0.000135	0.011621
1.050000	0.000157	0.012524
1.110000	0.000179	0.013363
1.170000	0.000200	0.014137
1.230000	0.000220	0.014848
1.290000	0.000240	0.015497
1.350000	0.000259	0.016087
1.410000	0.000276	0.016621
1.470000	0.000292	0.017103
1.530000	0.000307	0.017536
1.590000	0.000321	0.017924
1.650000	0.000334	0.018272
1.710000	0.000345	0.018582
1.770000	0.000356	0.018860
1.830000	0.000365	0.019106
1.890000	0.000373	0.019325
1.950000	0.000381	0.019520
2.010000	0.000388	0.019693
2.070000	0.000394	0.019846
2.130000	0.000399	0.019982
2.190000	0.000404	0.020102
2.250000	0.000408	0.020209
2.310000	0.000412	0.020303
2.370000	0.000416	0.020386
2.430000	0.000419	0.020459
2.490000	0.000421	0.020524
2.550000	0.000424	0.020581
2.610000	0.000426	0.020632
2.670000	0.000428	0.020677
2.730000	0.000429	0.020716
2.790000	0.000431	0.020751
2.850000	0.000432	0.020781
2.910000	0.000433	0.020808
2.970000	0.000434	0.020832
3.030000	0.000435	0.020853
3.090000	0.000436	0.020871
3.150000	0.000436	0.020888
3.210000	0.000437	0.020902
3.270000	0.000437	0.020915
3.330000	0.000438	0.020926
3.390000	0.000438	0.020936
3.450000	0.000439	0.020944
3.510000	0.000439	0.020952
3.570000	0.000439	0.020959
3.630000	0.000440	0.020965
3.690000	0.000440	0.020970
3.750000	0.000440	0.020974
3.810000	0.000440	0.020979
3.870000	0.000440	0.020982
3.930000	0.000440	0.020985
3.990000	0.000440	0.020988
4.050000	0.000441	0.020990
4.110000	0.000441	0.020993
4.170000	0.000441	0.020994
4.230000	0.000441	0.020996
4.290000	0.000441	0.020998
4.350000	0.000441	0.020999
4.410000	0.000441	0.021000
4.470000	0.000441	0.021001
4.530000	0.000441	0.021002
4.590000	0.000441	0.021003
4.650000	0.000441	0.021003
4.710000	0.000441	0.021004
4.770000	0.000441	0.021005
4.830000	0.000441	0.021005
4.890000	0.000441	0.021005
4.950000	0.000441	0.021006
5.010000	0.000441	0.021006
5.070000	0.000441	0.021006
5.130000	0.000441	0.021007
5.190000	0.000441	0.021007
5.250000	0.000441	0.021007
5.310000	0.000441	0.021007
5.370000	0.000441	0.021007
5.430000	0.000441	0.021008
5.490000	0.000441	0.021008
5.550000	0.000441	0.021008
5.610000	0.000441	0.021008
5.670000	0.000441	0.021008
5.730000	0.000441	0.021008
5.790000	0.000441	0.021008
5.850000	0.000441	0.021008
5.910000	0.000441	0.021008
5.970000	0.000441	0.021008
