d+Au 200 GeV pt[GeV/c] spectra d^2N/(2pi*pt*dpt*dy)[(GeV/c)^-2] stat_error
pi- min-bias
0.225	6.589180	0.066656
0.275	4.836872	0.048730
0.325	3.604274	0.036344
0.375	2.694182	0.027199
0.425	2.050942	0.082094
0.475	1.561289	0.062502
0.525	1.197041	0.047927
0.575	0.926585	0.037105
0.625	0.721583	0.043321
0.675	0.566882	0.017059
pi- 40-100%
0.225	4.157806	0.042856
0.275	3.065396	0.031267
0.325	2.276485	0.023293
0.375	1.690191	0.017350
0.425	1.284452	0.051477
0.475	0.966188	0.038736
0.525	0.731294	0.029331
0.575	0.564121	0.022637
0.625	0.437514	0.026297
0.675	0.340353	0.010302
pi- 20-40%
0.225	8.836128	0.090565
0.275	6.291899	0.064515
0.325	4.686453	0.048179
0.375	3.505576	0.036206
0.425	2.664581	0.106839
0.475	2.038775	0.081778
0.525	1.568251	0.062938
0.575	1.214569	0.048771
0.625	0.944929	0.056814
0.675	0.743194	0.022534
pi- 0-20%
0.225	11.636353	0.121278
0.275	8.696272	0.088858
0.325	6.505461	0.066586
0.375	4.894764	0.050239
0.425	3.736773	0.149757
0.475	2.869109	0.115019
0.525	2.223068	0.089153
0.575	1.725993	0.069251
0.625	1.350446	0.081159
0.675	1.070155	0.032372
pi+ min-bias
0.225	6.537308	0.066069
0.275	4.784698	0.048217
0.325	3.588389	0.036184
0.375	2.675108	0.027010
0.425	2.071098	0.082901
0.475	1.540926	0.061688
0.525	1.215808	0.048678
0.575	0.932082	0.037325
0.625	0.740439	0.044452
0.675	0.566539	0.017047
pi+ 40-100%
0.225	4.100323	0.042113
0.275	3.000871	0.030660
0.325	2.266933	0.023204
0.375	1.651143	0.016966
0.425	1.306011	0.052341
0.475	0.922934	0.037007
0.525	0.755060	0.030283
0.575	0.566800	0.022746
0.625	0.460179	0.027655
0.675	0.332161	0.010047
pi+ 20-40%
0.225	8.530057	0.088560
0.275	6.228916	0.063910
0.325	4.646303	0.047803
0.375	3.482648	0.035972
0.425	2.664673	0.106842
0.475	2.039028	0.081788
0.525	1.579742	0.063398
0.575	1.215587	0.048811
0.625	0.954429	0.057382
0.675	0.749486	0.022723
pi+ 0-20%
0.225	11.855512	0.122246
0.275	8.691962	0.088789
0.325	6.494842	0.066424
0.375	4.939463	0.050692
0.425	3.772784	0.151199
0.475	2.896800	0.116127
0.525	2.234116	0.089598
0.575	1.744421	0.069990
0.625	1.367229	0.082167
0.675	1.086723	0.032868
K- min-bias
0.225	0.515084	0.016133
0.275	0.433514	0.005211
0.325	0.364117	0.007591
0.375	0.313470	0.028265
0.425	0.261523	0.036648
0.475	0.210803	0.023237
0.525	0.184669	0.012989
0.575	0.162504	0.014669
0.625	0.131942	0.006672
0.675	0.116210	0.009364
0.725	0.101208	0.005333
K- 40-100%
0.225	0.320850	0.010794
0.275	0.273013	0.004100
0.325	0.225381	0.005034
0.375	0.195590	0.017697
0.425	0.160912	0.022589
0.475	0.123517	0.013672
0.525	0.109145	0.007749
0.575	0.096289	0.008744
0.625	0.076736	0.003964
0.675	0.067615	0.005530
0.725	0.061600	0.003568
K- 20-40%
0.225	0.665476	0.022870
0.275	0.563441	0.008974
0.325	0.474543	0.010814
0.375	0.405943	0.036773
0.425	0.343416	0.048235
0.475	0.276465	0.030632
0.525	0.243801	0.017347
0.575	0.214842	0.019533
0.625	0.172231	0.008950
0.675	0.157210	0.012870
0.725	0.130698	0.007663
K- 0-20%
0.225	0.947393	0.031715
0.275	0.785090	0.011736
0.325	0.669900	0.014901
0.375	0.574637	0.051985
0.425	0.481461	0.067579
0.475	0.407001	0.045012
0.525	0.352109	0.024956
0.575	0.308813	0.028007
0.625	0.257272	0.013239
0.675	0.220993	0.018019
0.725	0.190539	0.010790
K+ min-bias
0.225	0.484395	0.015143
0.275	0.428207	0.005094
0.325	0.368438	0.007660
0.375	0.324016	0.029212
0.425	0.273473	0.038319
0.475	0.225424	0.024842
0.525	0.200499	0.014092
0.575	0.173858	0.015688
0.625	0.141001	0.007118
0.675	0.126836	0.010208
0.725	0.105963	0.005552
K+ 40-100%
0.225	0.299044	0.010021
0.275	0.270883	0.003986
0.325	0.230536	0.005110
0.375	0.199460	0.018041
0.425	0.168373	0.023629
0.475	0.134038	0.014824
0.525	0.122153	0.008649
0.575	0.104604	0.009481
0.625	0.082263	0.004231
0.675	0.073568	0.005990
0.725	0.061123	0.003482
K+ 20-40%
0.225	0.631948	0.021571
0.275	0.550269	0.008613
0.325	0.482986	0.010914
0.375	0.428039	0.038753
0.425	0.357957	0.050264
0.475	0.295351	0.032694
0.525	0.263953	0.018740
0.575	0.229704	0.020867
0.625	0.188440	0.009729
0.675	0.168079	0.013733
0.725	0.144053	0.008364
K+ 0-20%
0.225	0.892897	0.029753
0.275	0.778115	0.011405
0.325	0.667593	0.014775
0.375	0.593662	0.053687
0.425	0.504288	0.070767
0.475	0.429652	0.047487
0.525	0.372085	0.026341
0.575	0.325775	0.029532
0.625	0.269776	0.013835
0.675	0.245394	0.019936
0.725	0.202391	0.011320
pbar min-bias
0.375	0.158664	0.001892
0.425	0.136947	0.001613
0.475	0.122448	0.001436
0.525	0.110512	0.001294
0.575	0.101150	0.001184
0.625	0.089977	0.001884
0.675	0.080518	0.001688
0.725	0.072188	0.000859
0.775	0.063735	0.001958
0.825	0.057666	0.002911
0.875	0.052132	0.002632
0.925	0.045656	0.000971
0.975	0.039520	0.000846
1.025	0.034284	0.002417
1.075	0.030302	0.000958
pbar 40-100%
0.375	0.098232	0.001451
0.425	0.084625	0.001222
0.475	0.073895	0.001066
0.525	0.065830	0.000948
0.575	0.059690	0.000861
0.625	0.052745	0.001194
0.675	0.046543	0.001058
0.725	0.041167	0.000616
0.775	0.036013	0.001159
0.825	0.031994	0.001645
0.875	0.029251	0.001508
0.925	0.025542	0.000601
0.975	0.021236	0.000512
1.025	0.018507	0.001326
1.075	0.016389	0.000600
pbar 20-40%
0.375	0.206724	0.003253
0.425	0.175521	0.002709
0.475	0.155487	0.002383
0.525	0.142925	0.002178
0.575	0.133277	0.002016
0.625	0.117750	0.002720
0.675	0.106128	0.002462
0.725	0.094683	0.001484
0.775	0.084785	0.002750
0.825	0.078823	0.004065
0.875	0.071776	0.003697
0.925	0.063689	0.001528
0.975	0.054653	0.001336
1.025	0.046874	0.003350
1.075	0.040256	0.001367
pbar 0-20%
0.375	0.291901	0.004300
0.425	0.255340	0.003667
0.475	0.235070	0.003319
0.525	0.212146	0.002992
0.575	0.193404	0.002734
0.625	0.173898	0.003893
0.675	0.156832	0.003526
0.725	0.142756	0.002061
0.775	0.125853	0.004009
0.825	0.113525	0.005818
0.875	0.101131	0.005184
0.925	0.087964	0.002050
0.975	0.079242	0.001864
1.025	0.069023	0.004917
1.075	0.062087	0.002070
proton min-bias
0.375	0.213795	0.002256
0.425	0.169146	0.001809
0.475	0.146992	0.001592
0.525	0.133576	0.001466
0.575	0.119341	0.001326
0.625	0.109621	0.002262
0.675	0.098740	0.002048
0.725	0.087394	0.001005
0.775	0.079488	0.002433
0.825	0.069816	0.003519
0.875	0.064884	0.003265
0.925	0.055452	0.001160
0.975	0.049311	0.001036
1.025	0.041469	0.002919
1.075	0.036066	0.001151
proton 40-100%
0.375	0.127788	0.001484
0.425	0.102500	0.001222
0.475	0.083969	0.001058
0.525	0.078601	0.001023
0.575	0.068705	0.000937
0.625	0.063001	0.001405
0.675	0.057261	0.001309
0.725	0.049065	0.000745
0.775	0.044949	0.001460
0.825	0.038824	0.002008
0.875	0.035400	0.001807
0.925	0.029799	0.000682
0.975	0.025972	0.000603
1.025	0.022069	0.001574
1.075	0.019143	0.000632
proton 20-40%
0.375	0.304246	0.003524
0.425	0.235103	0.002839
0.475	0.203936	0.002530
0.525	0.184018	0.002338
0.575	0.164238	0.002133
0.625	0.150850	0.003276
0.675	0.133061	0.002924
0.725	0.119299	0.001647
0.775	0.107919	0.003409
0.825	0.094474	0.004828
0.875	0.089279	0.004557
0.925	0.075652	0.001730
0.975	0.070842	0.001629
1.025	0.058413	0.004163
1.075	0.049024	0.002164
proton 0-20%
0.375	0.381365	0.004392
0.425	0.303127	0.003606
0.475	0.279119	0.003343
0.525	0.248059	0.003059
0.575	0.226353	0.002824
0.625	0.208254	0.004468
0.675	0.188854	0.004073
0.725	0.170476	0.002221
0.775	0.154672	0.004831
0.825	0.138135	0.007022
0.875	0.128940	0.006554
0.925	0.112212	0.002491
0.975	0.097799	0.002204
1.025	0.082725	0.005870
1.075	0.073879	0.002376
