proton dca distribution:
dca[cm]	dN/d(dca)[cm^-1]	error
0.040000	0.014074	0.000670
0.120000	0.043148	0.001173
0.200000	0.067658	0.001469
0.280000	0.089774	0.001693
0.360000	0.110007	0.001874
0.440000	0.127432	0.002017
0.520000	0.137422	0.002094
0.600000	0.133975	0.002068
0.680000	0.134485	0.002072
0.760000	0.132124	0.002053
0.840000	0.126220	0.002007
0.920000	0.121911	0.001972
1.000000	0.112497	0.001895
1.080000	0.107550	0.001853
1.160000	0.105125	0.001832
1.240000	0.096157	0.001752
1.320000	0.090955	0.001704
1.400000	0.085274	0.001650
1.480000	0.084668	0.001644
1.560000	0.078093	0.001579
1.640000	0.076849	0.001566
1.720000	0.078508	0.001583
1.800000	0.074551	0.001542
1.880000	0.072221	0.001518
1.960000	0.071104	0.001506
2.040000	0.071072	0.001506
2.120000	0.071966	0.001515
2.200000	0.071264	0.001508
2.280000	0.069764	0.001492
2.360000	0.073274	0.001529
2.440000	0.073274	0.001529
2.520000	0.076657	0.001564
2.600000	0.074455	0.001541
2.680000	0.077008	0.001568
2.760000	0.080327	0.001601
2.840000	0.075700	0.001554
2.920000	0.078221	0.001580
3.000000	0.079019	0.001588
3.080000	0.079019	0.001588
3.160000	0.079689	0.001595
3.240000	0.079625	0.001594
3.320000	0.083008	0.001628
3.400000	0.082657	0.001624
3.480000	0.083806	0.001635
3.560000	0.085625	0.001653
3.640000	0.084987	0.001647
3.720000	0.085019	0.001647
3.800000	0.089997	0.001695
3.880000	0.087955	0.001675
3.960000	0.086072	0.001657
4.040000	0.089263	0.001688
4.120000	0.086263	0.001659
4.200000	0.090317	0.001698
4.280000	0.088976	0.001685
4.360000	0.087349	0.001670
4.440000	0.092487	0.001718
4.520000	0.088402	0.001680
4.600000	0.088242	0.001678
4.680000	0.088306	0.001679
4.760000	0.089359	0.001689
4.840000	0.090508	0.001700
4.920000	0.089742	0.001692
5.000000	0.090572	0.001700
5.080000	0.091753	0.001711
5.160000	0.091274	0.001707
5.240000	0.091114	0.001705
5.320000	0.089136	0.001687
5.400000	0.088593	0.001681
5.480000	0.091497	0.001709
5.560000	0.090891	0.001703
5.640000	0.090923	0.001703
5.720000	0.090763	0.001702
5.800000	0.092327	0.001717
5.880000	0.092806	0.001721
5.960000	0.091051	0.001705
6.040000	0.093444	0.001727
6.120000	0.093189	0.001725
6.200000	0.091880	0.001712
6.280000	0.093157	0.001724
6.360000	0.098359	0.001772
6.440000	0.096827	0.001758
6.520000	0.094274	0.001735
6.600000	0.093955	0.001732
6.680000	0.095997	0.001750
6.760000	0.093061	0.001723
6.840000	0.092168	0.001715
6.920000	0.097561	0.001765
7.000000	0.100369	0.001790
7.080000	0.096125	0.001751
7.160000	0.099923	0.001786
7.240000	0.097689	0.001766
7.320000	0.093731	0.001730
7.400000	0.096316	0.001753
7.480000	0.096316	0.001753
7.560000	0.096284	0.001753
7.640000	0.094433	0.001736
7.720000	0.094944	0.001741
7.800000	0.096955	0.001759
7.880000	0.093572	0.001728
7.960000	0.094338	0.001735
8.040000	0.094465	0.001736
8.120000	0.096093	0.001751
8.200000	0.097784	0.001767
8.280000	0.094689	0.001738
8.360000	0.093859	0.001731
8.440000	0.093380	0.001726
8.520000	0.096476	0.001755
8.600000	0.095455	0.001745
8.680000	0.097338	0.001763
8.760000	0.093891	0.001731
8.840000	0.095327	0.001744
8.920000	0.094593	0.001737
9.000000	0.089423	0.001689
9.080000	0.096125	0.001751
9.160000	0.095327	0.001744
9.240000	0.091019	0.001704
9.320000	0.099827	0.001785
9.400000	0.092136	0.001715
9.480000	0.097816	0.001767
9.560000	0.096540	0.001755
9.640000	0.093668	0.001729
9.720000	0.094402	0.001736
9.800000	0.094976	0.001741
9.880000	0.098838	0.001776
9.960000	0.094242	0.001734
10.040000	0.093572	0.001728
10.120000	0.095614	0.001747
10.200000	0.095678	0.001747
10.280000	0.090604	0.001700
10.360000	0.094561	0.001737
10.440000	0.096572	0.001756
10.520000	0.094848	0.001740
10.600000	0.094370	0.001735
10.680000	0.094880	0.001740
10.760000	0.094274	0.001735
10.840000	0.093029	0.001723
10.920000	0.097050	0.001760
11.000000	0.094561	0.001737
11.080000	0.095104	0.001742
11.160000	0.096827	0.001758
11.240000	0.093731	0.001730
11.320000	0.094370	0.001735
11.400000	0.095582	0.001747
11.480000	0.093859	0.001731
11.560000	0.094561	0.001737
11.640000	0.094625	0.001738
11.720000	0.090859	0.001703
11.800000	0.096572	0.001756
11.880000	0.093189	0.001725
11.960000	0.095582	0.001747
12.040000	0.091529	0.001709
12.120000	0.091689	0.001711
12.200000	0.089263	0.001688
12.280000	0.093348	0.001726
12.360000	0.094784	0.001739
12.440000	0.091178	0.001706
12.520000	0.094721	0.001739
12.600000	0.091593	0.001710
12.680000	0.093125	0.001724
12.760000	0.091976	0.001713
12.840000	0.091370	0.001708
12.920000	0.088561	0.001681
13.000000	0.092774	0.001721
13.080000	0.090700	0.001701
13.160000	0.089806	0.001693
13.240000	0.090221	0.001697
13.320000	0.096284	0.001753
13.400000	0.089551	0.001691
13.480000	0.090731	0.001702
13.560000	0.092806	0.001721
13.640000	0.087700	0.001673
13.720000	0.087157	0.001668
13.800000	0.090125	0.001696
13.880000	0.090604	0.001700
13.960000	0.087795	0.001674
14.040000	0.092774	0.001721
14.120000	0.093891	0.001731
14.200000	0.089295	0.001688
14.280000	0.090987	0.001704
14.360000	0.092295	0.001716
14.440000	0.092455	0.001718
14.520000	0.085689	0.001654
14.600000	0.091114	0.001705
14.680000	0.093731	0.001730
14.760000	0.089997	0.001695
14.840000	0.089295	0.001688
14.920000	0.090444	0.001699
15.000000	0.091721	0.001711
15.080000	0.091848	0.001712
15.160000	0.089997	0.001695
15.240000	0.089614	0.001691
15.320000	0.088689	0.001682
15.400000	0.085944	0.001656
15.480000	0.090412	0.001699
15.560000	0.089104	0.001686
15.640000	0.089263	0.001688
15.720000	0.085817	0.001655
15.800000	0.087061	0.001667
15.880000	0.084955	0.001647
15.960000	0.086678	0.001663
16.040000	0.086327	0.001660
16.120000	0.088019	0.001676
16.200000	0.085721	0.001654
16.280000	0.081572	0.001613
16.360000	0.085529	0.001652
16.440000	0.084859	0.001646
16.520000	0.088274	0.001678
16.600000	0.085466	0.001652
16.680000	0.085657	0.001653
16.760000	0.083615	0.001634
16.840000	0.081157	0.001609
16.920000	0.086040	0.001657
17.000000	0.085242	0.001649
17.080000	0.083742	0.001635
17.160000	0.083487	0.001632
17.240000	0.084189	0.001639
17.320000	0.085178	0.001649
17.400000	0.085561	0.001652
17.480000	0.083008	0.001628
17.560000	0.084125	0.001639
17.640000	0.081891	0.001617
17.720000	0.083040	0.001628
17.800000	0.084444	0.001642
17.880000	0.082178	0.001619
17.960000	0.082178	0.001619
18.040000	0.080615	0.001604
18.120000	0.079530	0.001593
18.200000	0.079434	0.001592
18.280000	0.081827	0.001616
18.360000	0.084061	0.001638
18.440000	0.085210	0.001649
18.520000	0.082115	0.001619
18.600000	0.081955	0.001617
18.680000	0.079530	0.001593
18.760000	0.082881	0.001626
18.840000	0.082402	0.001622
18.920000	0.080264	0.001600
19.000000	0.081572	0.001613
19.080000	0.078062	0.001578
19.160000	0.080200	0.001600
19.240000	0.080136	0.001599
19.320000	0.080934	0.001607
19.400000	0.082689	0.001624
19.480000	0.081253	0.001610
19.560000	0.079338	0.001591
19.640000	0.077934	0.001577
19.720000	0.079817	0.001596
19.800000	0.079274	0.001591
19.880000	0.077359	0.001571
19.960000	0.079242	0.001590
pbar dca distribution:
dca[cm]	dN/d(dca)[cm^-1]	error
0.040000	0.004947	0.000397
0.120000	0.016627	0.000728
0.200000	0.024861	0.000891
0.280000	0.034978	0.001057
0.360000	0.040946	0.001143
0.440000	0.045414	0.001204
0.520000	0.047233	0.001228
0.600000	0.047616	0.001233
0.680000	0.046818	0.001222
0.760000	0.047360	0.001229
0.840000	0.044265	0.001189
0.920000	0.039861	0.001128
1.000000	0.036254	0.001076
1.080000	0.034499	0.001049
1.160000	0.029393	0.000969
1.240000	0.027637	0.000939
1.320000	0.023425	0.000865
1.400000	0.020585	0.000811
1.480000	0.017553	0.000748
1.560000	0.017712	0.000752
1.640000	0.015287	0.000698
1.720000	0.012734	0.000637
1.800000	0.011425	0.000604
1.880000	0.010819	0.000588
1.960000	0.010372	0.000575
2.040000	0.009319	0.000545
2.120000	0.007564	0.000491
2.200000	0.007883	0.000502
2.280000	0.006925	0.000470
2.360000	0.005808	0.000431
2.440000	0.006191	0.000445
2.520000	0.005234	0.000409
2.600000	0.004723	0.000388
2.680000	0.004947	0.000397
2.760000	0.004340	0.000372
2.840000	0.004149	0.000364
2.920000	0.004085	0.000361
3.000000	0.003894	0.000353
3.080000	0.002936	0.000306
3.160000	0.003159	0.000318
3.240000	0.002457	0.000280
3.320000	0.002872	0.000303
3.400000	0.002362	0.000275
3.480000	0.002457	0.000280
3.560000	0.002266	0.000269
3.640000	0.002074	0.000257
3.720000	0.001340	0.000207
3.800000	0.001883	0.000245
3.880000	0.001723	0.000235
3.960000	0.001915	0.000247
4.040000	0.002042	0.000255
4.120000	0.001532	0.000221
4.200000	0.001308	0.000204
4.280000	0.001468	0.000216
4.360000	0.001277	0.000202
4.440000	0.001691	0.000232
4.520000	0.000989	0.000178
4.600000	0.001149	0.000191
4.680000	0.000670	0.000146
4.760000	0.001404	0.000212
4.840000	0.001117	0.000189
4.920000	0.000862	0.000166
5.000000	0.000989	0.000178
5.080000	0.000894	0.000169
5.160000	0.000638	0.000143
5.240000	0.000862	0.000166
5.320000	0.000798	0.000160
5.400000	0.000702	0.000150
5.480000	0.000989	0.000178
5.560000	0.000798	0.000160
5.640000	0.000638	0.000143
5.720000	0.000670	0.000146
5.800000	0.000766	0.000156
5.880000	0.000574	0.000135
5.960000	0.000734	0.000153
6.040000	0.000766	0.000156
6.120000	0.000957	0.000175
6.200000	0.000894	0.000169
6.280000	0.000606	0.000139
6.360000	0.000894	0.000169
6.440000	0.000606	0.000139
6.520000	0.000638	0.000143
6.600000	0.000511	0.000128
6.680000	0.000447	0.000119
6.760000	0.000702	0.000150
6.840000	0.000798	0.000160
6.920000	0.000479	0.000124
7.000000	0.000606	0.000139
7.080000	0.000766	0.000156
7.160000	0.000734	0.000153
7.240000	0.000670	0.000146
7.320000	0.000574	0.000135
7.400000	0.000766	0.000156
7.480000	0.000287	0.000096
7.560000	0.000734	0.000153
7.640000	0.000447	0.000119
7.720000	0.000543	0.000132
7.800000	0.000638	0.000143
7.880000	0.000862	0.000166
7.960000	0.000415	0.000115
8.040000	0.000415	0.000115
8.120000	0.000638	0.000143
8.200000	0.000511	0.000128
8.280000	0.000670	0.000146
8.360000	0.000574	0.000135
8.440000	0.000543	0.000132
8.520000	0.000383	0.000111
8.600000	0.000574	0.000135
8.680000	0.000511	0.000128
8.760000	0.000511	0.000128
8.840000	0.000383	0.000111
8.920000	0.000926	0.000172
9.000000	0.000479	0.000124
9.080000	0.000447	0.000119
9.160000	0.000638	0.000143
9.240000	0.000670	0.000146
9.320000	0.000447	0.000119
9.400000	0.000638	0.000143
9.480000	0.000351	0.000106
9.560000	0.000574	0.000135
9.640000	0.000702	0.000150
9.720000	0.000479	0.000124
9.800000	0.000798	0.000160
9.880000	0.000702	0.000150
9.960000	0.000543	0.000132
10.040000	0.000830	0.000163
10.120000	0.000606	0.000139
10.200000	0.000670	0.000146
10.280000	0.000606	0.000139
10.360000	0.000574	0.000135
10.440000	0.000447	0.000119
10.520000	0.000638	0.000143
10.600000	0.000511	0.000128
10.680000	0.000638	0.000143
10.760000	0.000606	0.000139
10.840000	0.000830	0.000163
10.920000	0.000830	0.000163
11.000000	0.001149	0.000191
11.080000	0.000543	0.000132
11.160000	0.000670	0.000146
11.240000	0.000670	0.000146
11.320000	0.000766	0.000156
11.400000	0.000479	0.000124
11.480000	0.000574	0.000135
11.560000	0.000734	0.000153
11.640000	0.000702	0.000150
11.720000	0.000766	0.000156
11.800000	0.000574	0.000135
11.880000	0.000511	0.000128
11.960000	0.000670	0.000146
12.040000	0.000383	0.000111
12.120000	0.000638	0.000143
12.200000	0.000702	0.000150
12.280000	0.000543	0.000132
12.360000	0.000479	0.000124
12.440000	0.000543	0.000132
12.520000	0.000319	0.000101
12.600000	0.000734	0.000153
12.680000	0.000383	0.000111
12.760000	0.000574	0.000135
12.840000	0.000447	0.000119
12.920000	0.000766	0.000156
13.000000	0.000670	0.000146
13.080000	0.000479	0.000124
13.160000	0.000638	0.000143
13.240000	0.000543	0.000132
13.320000	0.000574	0.000135
13.400000	0.000574	0.000135
13.480000	0.000574	0.000135
13.560000	0.000670	0.000146
13.640000	0.000511	0.000128
13.720000	0.000543	0.000132
13.800000	0.000543	0.000132
13.880000	0.001053	0.000183
13.960000	0.000766	0.000156
14.040000	0.000574	0.000135
14.120000	0.000479	0.000124
14.200000	0.000638	0.000143
14.280000	0.000830	0.000163
14.360000	0.000606	0.000139
14.440000	0.000702	0.000150
14.520000	0.000606	0.000139
14.600000	0.000479	0.000124
14.680000	0.000830	0.000163
14.760000	0.000862	0.000166
14.840000	0.000702	0.000150
14.920000	0.000606	0.000139
15.000000	0.000702	0.000150
15.080000	0.000479	0.000124
15.160000	0.000670	0.000146
15.240000	0.000543	0.000132
15.320000	0.000670	0.000146
15.400000	0.000606	0.000139
15.480000	0.000479	0.000124
15.560000	0.000511	0.000128
15.640000	0.000734	0.000153
15.720000	0.000543	0.000132
15.800000	0.000447	0.000119
15.880000	0.000574	0.000135
15.960000	0.000638	0.000143
16.040000	0.000702	0.000150
16.120000	0.000479	0.000124
16.200000	0.000670	0.000146
16.280000	0.000447	0.000119
16.360000	0.000606	0.000139
16.440000	0.000479	0.000124
16.520000	0.000606	0.000139
16.600000	0.000734	0.000153
16.680000	0.000638	0.000143
16.760000	0.000766	0.000156
16.840000	0.000543	0.000132
16.920000	0.000862	0.000166
17.000000	0.000702	0.000150
17.080000	0.000606	0.000139
17.160000	0.000447	0.000119
17.240000	0.000734	0.000153
17.320000	0.000670	0.000146
17.400000	0.000670	0.000146
17.480000	0.000574	0.000135
17.560000	0.000702	0.000150
17.640000	0.000894	0.000169
17.720000	0.000670	0.000146
17.800000	0.000574	0.000135
17.880000	0.000543	0.000132
17.960000	0.000702	0.000150
18.040000	0.000798	0.000160
18.120000	0.000862	0.000166
18.200000	0.000734	0.000153
18.280000	0.000894	0.000169
18.360000	0.000606	0.000139
18.440000	0.000574	0.000135
18.520000	0.000798	0.000160
18.600000	0.000926	0.000172
18.680000	0.000574	0.000135
18.760000	0.000638	0.000143
18.840000	0.000638	0.000143
18.920000	0.000638	0.000143
19.000000	0.000543	0.000132
19.080000	0.000479	0.000124
19.160000	0.000606	0.000139
19.240000	0.000926	0.000172
19.320000	0.000638	0.000143
19.400000	0.000989	0.000178
19.480000	0.000606	0.000139
19.560000	0.000638	0.000143
19.640000	0.001021	0.000181
19.720000	0.000638	0.000143
19.800000	0.000766	0.000156
19.880000	0.000479	0.000124
19.960000	0.000670	0.000146
pbar dca distribution scaled:
dca[cm]	dN/d(dca)[cm^-1]	error
0.040000	0.013321	0.001070
0.120000	0.044777	0.001962
0.200000	0.066950	0.002399
0.280000	0.094194	0.002845
0.360000	0.110266	0.003078
0.440000	0.122298	0.003242
0.520000	0.127197	0.003306
0.600000	0.128228	0.003320
0.680000	0.126080	0.003292
0.760000	0.127541	0.003311
0.840000	0.119204	0.003201
0.920000	0.107344	0.003037
1.000000	0.097632	0.002897
1.080000	0.092905	0.002826
1.160000	0.079154	0.002608
1.240000	0.074427	0.002529
1.320000	0.063083	0.002328
1.400000	0.055434	0.002183
1.480000	0.047269	0.002016
1.560000	0.047699	0.002025
1.640000	0.041167	0.001881
1.720000	0.034292	0.001717
1.800000	0.030768	0.001626
1.880000	0.029135	0.001582
1.960000	0.027932	0.001549
2.040000	0.025096	0.001469
2.120000	0.020369	0.001323
2.200000	0.021228	0.001351
2.280000	0.018650	0.001266
2.360000	0.015642	0.001159
2.440000	0.016673	0.001197
2.520000	0.014095	0.001101
2.600000	0.012720	0.001046
2.680000	0.013321	0.001070
2.760000	0.011688	0.001002
2.840000	0.011173	0.000980
2.920000	0.011001	0.000972
3.000000	0.010485	0.000949
3.080000	0.007907	0.000824
3.160000	0.008508	0.000855
3.240000	0.006618	0.000754
3.320000	0.007735	0.000815
3.400000	0.006360	0.000739
3.480000	0.006618	0.000754
3.560000	0.006102	0.000724
3.640000	0.005586	0.000693
3.720000	0.003610	0.000557
3.800000	0.005071	0.000660
3.880000	0.004641	0.000632
3.960000	0.005157	0.000666
4.040000	0.005500	0.000688
4.120000	0.004125	0.000595
4.200000	0.003524	0.000550
4.280000	0.003953	0.000583
4.360000	0.003438	0.000544
4.440000	0.004555	0.000626
4.520000	0.002664	0.000479
4.600000	0.003094	0.000516
4.680000	0.001805	0.000394
4.760000	0.003782	0.000570
4.840000	0.003008	0.000508
4.920000	0.002320	0.000447
5.000000	0.002664	0.000479
5.080000	0.002406	0.000455
5.160000	0.001719	0.000384
5.240000	0.002320	0.000447
5.320000	0.002149	0.000430
5.400000	0.001891	0.000403
5.480000	0.002664	0.000479
5.560000	0.002149	0.000430
5.640000	0.001719	0.000384
5.720000	0.001805	0.000394
5.800000	0.002063	0.000421
5.880000	0.001547	0.000365
5.960000	0.001977	0.000412
6.040000	0.002063	0.000421
6.120000	0.002578	0.000471
6.200000	0.002406	0.000455
6.280000	0.001633	0.000375
6.360000	0.002406	0.000455
6.440000	0.001633	0.000375
6.520000	0.001719	0.000384
6.600000	0.001375	0.000344
6.680000	0.001203	0.000322
6.760000	0.001891	0.000403
6.840000	0.002149	0.000430
6.920000	0.001289	0.000333
7.000000	0.001633	0.000375
7.080000	0.002063	0.000421
7.160000	0.001977	0.000412
7.240000	0.001805	0.000394
7.320000	0.001547	0.000365
7.400000	0.002063	0.000421
7.480000	0.000773	0.000258
7.560000	0.001977	0.000412
7.640000	0.001203	0.000322
7.720000	0.001461	0.000354
7.800000	0.001719	0.000384
7.880000	0.002320	0.000447
7.960000	0.001117	0.000310
8.040000	0.001117	0.000310
8.120000	0.001719	0.000384
8.200000	0.001375	0.000344
8.280000	0.001805	0.000394
8.360000	0.001547	0.000365
8.440000	0.001461	0.000354
8.520000	0.001031	0.000298
8.600000	0.001547	0.000365
8.680000	0.001375	0.000344
8.760000	0.001375	0.000344
8.840000	0.001031	0.000298
8.920000	0.002492	0.000463
9.000000	0.001289	0.000333
9.080000	0.001203	0.000322
9.160000	0.001719	0.000384
9.240000	0.001805	0.000394
9.320000	0.001203	0.000322
9.400000	0.001719	0.000384
9.480000	0.000945	0.000285
9.560000	0.001547	0.000365
9.640000	0.001891	0.000403
9.720000	0.001289	0.000333
9.800000	0.002149	0.000430
9.880000	0.001891	0.000403
9.960000	0.001461	0.000354
10.040000	0.002235	0.000438
10.120000	0.001633	0.000375
10.200000	0.001805	0.000394
10.280000	0.001633	0.000375
10.360000	0.001547	0.000365
10.440000	0.001203	0.000322
10.520000	0.001719	0.000384
10.600000	0.001375	0.000344
10.680000	0.001719	0.000384
10.760000	0.001633	0.000375
10.840000	0.002235	0.000438
10.920000	0.002235	0.000438
11.000000	0.003094	0.000516
11.080000	0.001461	0.000354
11.160000	0.001805	0.000394
11.240000	0.001805	0.000394
11.320000	0.002063	0.000421
11.400000	0.001289	0.000333
11.480000	0.001547	0.000365
11.560000	0.001977	0.000412
11.640000	0.001891	0.000403
11.720000	0.002063	0.000421
11.800000	0.001547	0.000365
11.880000	0.001375	0.000344
11.960000	0.001805	0.000394
12.040000	0.001031	0.000298
12.120000	0.001719	0.000384
12.200000	0.001891	0.000403
12.280000	0.001461	0.000354
12.360000	0.001289	0.000333
12.440000	0.001461	0.000354
12.520000	0.000859	0.000272
12.600000	0.001977	0.000412
12.680000	0.001031	0.000298
12.760000	0.001547	0.000365
12.840000	0.001203	0.000322
12.920000	0.002063	0.000421
13.000000	0.001805	0.000394
13.080000	0.001289	0.000333
13.160000	0.001719	0.000384
13.240000	0.001461	0.000354
13.320000	0.001547	0.000365
13.400000	0.001547	0.000365
13.480000	0.001547	0.000365
13.560000	0.001805	0.000394
13.640000	0.001375	0.000344
13.720000	0.001461	0.000354
13.800000	0.001461	0.000354
13.880000	0.002836	0.000494
13.960000	0.002063	0.000421
14.040000	0.001547	0.000365
14.120000	0.001289	0.000333
14.200000	0.001719	0.000384
14.280000	0.002235	0.000438
14.360000	0.001633	0.000375
14.440000	0.001891	0.000403
14.520000	0.001633	0.000375
14.600000	0.001289	0.000333
14.680000	0.002235	0.000438
14.760000	0.002320	0.000447
14.840000	0.001891	0.000403
14.920000	0.001633	0.000375
15.000000	0.001891	0.000403
15.080000	0.001289	0.000333
15.160000	0.001805	0.000394
15.240000	0.001461	0.000354
15.320000	0.001805	0.000394
15.400000	0.001633	0.000375
15.480000	0.001289	0.000333
15.560000	0.001375	0.000344
15.640000	0.001977	0.000412
15.720000	0.001461	0.000354
15.800000	0.001203	0.000322
15.880000	0.001547	0.000365
15.960000	0.001719	0.000384
16.040000	0.001891	0.000403
16.120000	0.001289	0.000333
16.200000	0.001805	0.000394
16.280000	0.001203	0.000322
16.360000	0.001633	0.000375
16.440000	0.001289	0.000333
16.520000	0.001633	0.000375
16.600000	0.001977	0.000412
16.680000	0.001719	0.000384
16.760000	0.002063	0.000421
16.840000	0.001461	0.000354
16.920000	0.002320	0.000447
17.000000	0.001891	0.000403
17.080000	0.001633	0.000375
17.160000	0.001203	0.000322
17.240000	0.001977	0.000412
17.320000	0.001805	0.000394
17.400000	0.001805	0.000394
17.480000	0.001547	0.000365
17.560000	0.001891	0.000403
17.640000	0.002406	0.000455
17.720000	0.001805	0.000394
17.800000	0.001547	0.000365
17.880000	0.001461	0.000354
17.960000	0.001891	0.000403
18.040000	0.002149	0.000430
18.120000	0.002320	0.000447
18.200000	0.001977	0.000412
18.280000	0.002406	0.000455
18.360000	0.001633	0.000375
18.440000	0.001547	0.000365
18.520000	0.002149	0.000430
18.600000	0.002492	0.000463
18.680000	0.001547	0.000365
18.760000	0.001719	0.000384
18.840000	0.001719	0.000384
18.920000	0.001719	0.000384
19.000000	0.001461	0.000354
19.080000	0.001289	0.000333
19.160000	0.001633	0.000375
19.240000	0.002492	0.000463
19.320000	0.001719	0.000384
19.400000	0.002664	0.000479
19.480000	0.001633	0.000375
19.560000	0.001719	0.000384
19.640000	0.002750	0.000486
19.720000	0.001719	0.000384
19.800000	0.002063	0.000421
19.880000	0.001289	0.000333
19.960000	0.001805	0.000394
proton dca distribution fitted:
dca[cm]	dN/d(dca)[cm^-1]	error
0.040000	0.013329	0.001070
0.120000	0.044877	0.001962
0.200000	0.067327	0.002399
0.280000	0.095085	0.002845
0.360000	0.111932	0.003078
0.440000	0.125005	0.003242
0.520000	0.131203	0.003306
0.600000	0.133773	0.003320
0.680000	0.133382	0.003292
0.760000	0.136792	0.003311
0.840000	0.130571	0.003201
0.920000	0.120966	0.003037
1.000000	0.113622	0.002897
1.080000	0.111352	0.002826
1.160000	0.100123	0.002608
1.240000	0.097963	0.002529
1.320000	0.089210	0.002328
1.400000	0.084161	0.002183
1.480000	0.078590	0.002016
1.560000	0.081592	0.002025
1.640000	0.077602	0.001881
1.720000	0.073225	0.001717
1.800000	0.072151	0.001626
1.880000	0.072911	0.001582
1.960000	0.074039	0.001549
2.040000	0.073466	0.001469
2.120000	0.070933	0.001323
2.200000	0.073913	0.001351
2.280000	0.073380	0.001266
2.360000	0.072343	0.001159
2.440000	0.075269	0.001197
2.520000	0.074509	0.001101
2.600000	0.074878	0.001046
2.680000	0.077148	0.001070
2.760000	0.077111	0.001002
2.840000	0.078119	0.000980
2.920000	0.079402	0.000972
3.000000	0.080272	0.000949
3.080000	0.079013	0.000824
3.160000	0.080871	0.000855
3.240000	0.080174	0.000754
3.320000	0.082426	0.000815
3.400000	0.082128	0.000739
3.480000	0.083408	0.000754
3.560000	0.083862	0.000724
3.640000	0.084265	0.000693
3.720000	0.083159	0.000557
3.800000	0.085444	0.000660
3.880000	0.085795	0.000632
3.960000	0.087049	0.000666
4.040000	0.088091	0.000688
4.120000	0.087375	0.000595
4.200000	0.087398	0.000550
4.280000	0.088417	0.000583
4.360000	0.088458	0.000544
4.440000	0.090101	0.000626
4.520000	0.088706	0.000479
4.600000	0.089605	0.000516
4.680000	0.088758	0.000394
4.760000	0.091151	0.000570
4.840000	0.090771	0.000508
4.920000	0.090455	0.000447
5.000000	0.091148	0.000479
5.080000	0.091220	0.000455
5.160000	0.090843	0.000384
5.240000	0.091738	0.000447
5.320000	0.091842	0.000430
5.400000	0.091844	0.000403
5.480000	0.092863	0.000479
5.560000	0.092578	0.000430
5.640000	0.092366	0.000384
5.720000	0.092657	0.000394
5.800000	0.093107	0.000421
5.880000	0.092773	0.000365
5.960000	0.093374	0.000412
6.040000	0.093621	0.000421
6.120000	0.094288	0.000471
6.200000	0.094259	0.000455
6.280000	0.093620	0.000375
6.360000	0.094520	0.000455
6.440000	0.093865	0.000375
6.520000	0.094063	0.000384
6.600000	0.093825	0.000344
6.680000	0.093752	0.000322
6.760000	0.094533	0.000403
6.840000	0.094879	0.000430
6.920000	0.094102	0.000333
7.000000	0.094524	0.000375
7.080000	0.095027	0.000421
7.160000	0.095010	0.000412
7.240000	0.094902	0.000394
7.320000	0.094706	0.000365
7.400000	0.095279	0.000421
7.480000	0.094043	0.000258
7.560000	0.095297	0.000412
7.640000	0.094572	0.000322
7.720000	0.094874	0.000354
7.800000	0.095174	0.000384
7.880000	0.095816	0.000447
7.960000	0.094650	0.000310
8.040000	0.094685	0.000310
8.120000	0.095320	0.000384
8.200000	0.095007	0.000344
8.280000	0.095466	0.000394
8.360000	0.095236	0.000365
8.440000	0.095176	0.000354
8.520000	0.094770	0.000298
8.600000	0.095309	0.000365
8.680000	0.095159	0.000344
8.760000	0.095179	0.000344
8.840000	0.094854	0.000298
8.920000	0.096333	0.000463
9.000000	0.095147	0.000333
9.080000	0.095077	0.000322
9.160000	0.095607	0.000384
9.240000	0.095707	0.000394
9.320000	0.095119	0.000322
9.400000	0.095647	0.000384
9.480000	0.094885	0.000285
9.560000	0.095498	0.000365
9.640000	0.095852	0.000403
9.720000	0.095260	0.000333
9.800000	0.096128	0.000430
9.880000	0.095879	0.000403
9.960000	0.095457	0.000354
10.040000	0.096239	0.000438
10.120000	0.095644	0.000375
10.200000	0.095823	0.000394
10.280000	0.095657	0.000375
10.360000	0.095577	0.000365
10.440000	0.095239	0.000322
10.520000	0.095760	0.000384
10.600000	0.095421	0.000344
10.680000	0.095769	0.000384
10.760000	0.095688	0.000375
10.840000	0.096294	0.000438
10.920000	0.096297	0.000438
11.000000	0.097160	0.000516
11.080000	0.095531	0.000354
11.160000	0.095878	0.000394
11.240000	0.095881	0.000394
11.320000	0.096142	0.000421
11.400000	0.095371	0.000333
11.480000	0.095631	0.000365
11.560000	0.096063	0.000412
11.640000	0.095980	0.000403
11.720000	0.096154	0.000421
11.800000	0.095640	0.000365
11.880000	0.095470	0.000344
11.960000	0.095901	0.000394
12.040000	0.095129	0.000298
12.120000	0.095818	0.000384
12.200000	0.095992	0.000403
12.280000	0.095563	0.000354
12.360000	0.095393	0.000333
12.440000	0.095566	0.000354
12.520000	0.094965	0.000272
12.600000	0.096084	0.000412
12.680000	0.095139	0.000298
12.760000	0.095656	0.000365
12.840000	0.095313	0.000322
12.920000	0.096173	0.000421
13.000000	0.095916	0.000394
13.080000	0.095401	0.000333
13.160000	0.095832	0.000384
13.240000	0.095575	0.000354
13.320000	0.095661	0.000365
13.400000	0.095662	0.000365
13.480000	0.095662	0.000365
13.560000	0.095921	0.000394
13.640000	0.095491	0.000344
13.720000	0.095578	0.000354
13.800000	0.095578	0.000354
13.880000	0.096954	0.000494
13.960000	0.096181	0.000421
14.040000	0.095665	0.000365
14.120000	0.095408	0.000333
14.200000	0.095838	0.000384
14.280000	0.096354	0.000438
14.360000	0.095752	0.000375
14.440000	0.096011	0.000403
14.520000	0.095753	0.000375
14.600000	0.095409	0.000333
14.680000	0.096355	0.000438
14.760000	0.096441	0.000447
14.840000	0.096012	0.000403
14.920000	0.095754	0.000375
15.000000	0.096012	0.000403
15.080000	0.095411	0.000333
15.160000	0.095926	0.000394
15.240000	0.095583	0.000354
15.320000	0.095927	0.000394
15.400000	0.095755	0.000375
15.480000	0.095411	0.000333
15.560000	0.095497	0.000344
15.640000	0.096099	0.000412
15.720000	0.095583	0.000354
15.800000	0.095326	0.000322
15.880000	0.095670	0.000365
15.960000	0.095841	0.000384
16.040000	0.096013	0.000403
16.120000	0.095412	0.000333
16.200000	0.095928	0.000394
16.280000	0.095326	0.000322
16.360000	0.095756	0.000375
16.440000	0.095412	0.000333
16.520000	0.095756	0.000375
16.600000	0.096100	0.000412
16.680000	0.095842	0.000384
16.760000	0.096186	0.000421
16.840000	0.095584	0.000354
16.920000	0.096444	0.000447
17.000000	0.096014	0.000403
17.080000	0.095756	0.000375
17.160000	0.095327	0.000322
17.240000	0.096100	0.000412
17.320000	0.095928	0.000394
17.400000	0.095928	0.000394
17.480000	0.095670	0.000365
17.560000	0.096014	0.000403
17.640000	0.096530	0.000455
17.720000	0.095928	0.000394
17.800000	0.095671	0.000365
17.880000	0.095585	0.000354
17.960000	0.096014	0.000403
18.040000	0.096272	0.000430
18.120000	0.096444	0.000447
18.200000	0.096100	0.000412
18.280000	0.096530	0.000455
18.360000	0.095757	0.000375
18.440000	0.095671	0.000365
18.520000	0.096272	0.000430
18.600000	0.096616	0.000463
18.680000	0.095671	0.000365
18.760000	0.095843	0.000384
18.840000	0.095843	0.000384
18.920000	0.095843	0.000384
19.000000	0.095585	0.000354
19.080000	0.095413	0.000333
19.160000	0.095757	0.000375
19.240000	0.096616	0.000463
19.320000	0.095843	0.000384
19.400000	0.096788	0.000479
19.480000	0.095757	0.000375
19.560000	0.095843	0.000384
19.640000	0.096874	0.000486
19.720000	0.095843	0.000384
19.800000	0.096186	0.000421
19.880000	0.095413	0.000333
19.960000	0.095929	0.000394
proton background dca distribution fitted:
dca[cm]	dN/d(dca)[cm^-1]	error
0.050000	0.000008	0.002901
0.150000	0.000172	0.013103
0.250000	0.000660	0.025683
0.350000	0.001546	0.039317
0.450000	0.002848	0.053364
0.550000	0.004549	0.067444
0.650000	0.006613	0.081319
0.750000	0.008993	0.094831
0.850000	0.011637	0.107877
0.950000	0.014495	0.120393
1.050000	0.017514	0.132340
1.150000	0.020649	0.143697
1.250000	0.023857	0.154459
1.350000	0.027102	0.164627
1.450000	0.030350	0.174213
1.550000	0.033574	0.183233
1.650000	0.036751	0.191705
1.750000	0.039860	0.199651
1.850000	0.042888	0.207094
1.950000	0.045821	0.214059
2.050000	0.048651	0.220569
2.150000	0.051370	0.226650
2.250000	0.053975	0.232324
2.350000	0.056461	0.237616
2.450000	0.058830	0.242548
2.550000	0.061079	0.247142
2.650000	0.063212	0.251420
2.750000	0.065229	0.255400
2.850000	0.067134	0.259103
2.950000	0.068930	0.262546
3.050000	0.070621	0.265747
3.150000	0.072211	0.268721
3.250000	0.073703	0.271484
3.350000	0.075103	0.274050
3.450000	0.076415	0.276433
3.550000	0.077643	0.278645
3.650000	0.078792	0.280699
3.750000	0.079865	0.282604
3.850000	0.080868	0.284372
3.950000	0.081803	0.286013
4.050000	0.082676	0.287534
4.150000	0.083489	0.288945
4.250000	0.084247	0.290254
4.350000	0.084953	0.291467
4.450000	0.085610	0.292593
4.550000	0.086222	0.293636
4.650000	0.086791	0.294603
4.750000	0.087320	0.295499
4.850000	0.087811	0.296330
4.950000	0.088268	0.297100
5.050000	0.088693	0.297813
5.150000	0.089087	0.298475
5.250000	0.089453	0.299088
5.350000	0.089793	0.299655
5.450000	0.090109	0.300182
5.550000	0.090402	0.300669
5.650000	0.090674	0.301121
5.750000	0.090926	0.301539
5.850000	0.091160	0.301927
5.950000	0.091377	0.302286
6.050000	0.091578	0.302619
6.150000	0.091765	0.302927
6.250000	0.091938	0.303213
6.350000	0.092098	0.303477
6.450000	0.092247	0.303722
6.550000	0.092385	0.303949
6.650000	0.092513	0.304159
6.750000	0.092631	0.304354
6.850000	0.092741	0.304534
6.950000	0.092843	0.304701
7.050000	0.092937	0.304856
7.150000	0.093025	0.304999
7.250000	0.093106	0.305132
7.350000	0.093181	0.305255
7.450000	0.093250	0.305369
7.550000	0.093315	0.305474
7.650000	0.093374	0.305572
7.750000	0.093429	0.305662
7.850000	0.093481	0.305746
7.950000	0.093528	0.305824
8.050000	0.093572	0.305896
8.150000	0.093613	0.305962
8.250000	0.093651	0.306024
8.350000	0.093685	0.306081
8.450000	0.093718	0.306134
8.550000	0.093748	0.306183
8.650000	0.093776	0.306228
8.750000	0.093801	0.306270
8.850000	0.093825	0.306309
8.950000	0.093847	0.306345
9.050000	0.093868	0.306378
9.150000	0.093887	0.306409
9.250000	0.093904	0.306438
9.350000	0.093920	0.306464
9.450000	0.093935	0.306489
9.550000	0.093949	0.306511
9.650000	0.093962	0.306533
9.750000	0.093974	0.306552
9.850000	0.093985	0.306570
9.950000	0.093995	0.306587
