
AGS E859 Si+Al 5.4 GeV:
(dN_pi/dy)/S[fm^-2]	error	K-/pi-	error
  0.3	  0.3	0.0215	0.0020
  0.5	  0.5	0.0314	0.0028
  0.6	  0.6	0.0322	0.0035
  0.7	  0.7	0.0365	0.0028

AGS E866 Au+Au 4.7 GeV:
(dN_pi/dy)/S[fm^-2]	error	K-/pi-	error
  0.3	  0.3	0.0293	0.0054
  0.5	  0.5	0.0327	0.0030
  0.7	  0.7	0.0432	0.0034
  0.8	  0.8	0.0401	0.0042
  0.9	  0.9	0.0398	0.0044
  0.9	  0.9	0.0387	0.0049
  0.9	  0.9	0.0481	0.0045

SPS NA49 Pb+Pb 17.3 GeV:
(dN_pi/dy)/S[fm^-2]	error	K-/pi-	error
  1.5	  1.5	0.0694	0.0065
  1.9	  1.9	0.0864	0.0052
  2.1	  2.1	0.0942	0.0065
  2.3	  2.3	0.1021	0.0065
  2.5	  2.5	0.1178	0.0065
  2.6	  2.6	0.1152	0.0105

SPS NA49 Pb+Pb energy scan:
(dN_pi/dy)/S[fm^-2]	error	K-/pi-	error
  1.1	  1.1	0.0658	0.0019
  1.3	  1.3	0.0808	0.0027
  1.5	  1.5	0.0714	0.0041
  2.0	  2.0	0.0833	0.0045
  2.5	  2.5	0.0958	0.0049

SPS NA49 S+S 20 GeV:
(dN_pi/dy)/S[fm^-2]	error	K-/pi-	error
  1.5	  1.5	0.1140	0.0180

SPS NA49 C+C/Si+Si 17.3 GeV:
(dN_pi/dy)/S[fm^-2]	error	K-/pi-	error
  0.4	  0.4	0.0930	0.0135
  0.6	  0.6	0.1000	0.0141

STAR Au+Au 62.4 GeV:
(dN_pi/dy)/S[fm^-2]	error	K-/pi-	error
  0.9	  0.9	0.1095	0.0089
  1.2	  1.2	0.1187	0.0103
  1.5	  1.5	0.1232	0.0106
  1.8	  1.8	0.1298	0.0103
  2.1	  2.1	0.1318	0.0100
  2.5	  2.5	0.1384	0.0096
  2.8	  2.8	0.1360	0.0104
  3.0	  3.0	0.1414	0.0099
  3.2	  3.2	0.1366	0.0097

STAR Au+Au 130 GeV:
(dN_pi/dy)/S[fm^-2]	error	K-/pi-	error
  1.5	  1.5	0.1395	0.0176
  1.9	  1.9	0.1369	0.0113
  2.4	  2.4	0.1421	0.0130
  2.7	  2.7	0.1448	0.0135
  3.0	  3.0	0.1463	0.0136
  3.4	  3.4	0.1420	0.0122
  3.6	  3.6	0.1447	0.0105
  3.7	  3.7	0.1525	0.0101

STAR Au+Au 200 GeV:
(dN_pi/dy)/S[fm^-2]	error	K-/pi-	error
  1.2	  1.2	0.1271	0.0121
  1.5	  1.5	0.1368	0.0129
  1.9	  1.9	0.1429	0.0135
  2.3	  2.3	0.1422	0.0138
  2.6	  2.6	0.1470	0.0147
  3.1	  3.1	0.1446	0.0150
  3.6	  3.6	0.1465	0.0164
  3.9	  3.9	0.1526	0.0183
  4.2	  4.2	0.1513	0.0196
