## columns: pT ,  v2 , stat.error, syst.error
#_______ nuclei v2 _______ 
# d v2 (0-80%) in 200 GeV ===> 
0.6648	  0.00636	0.004937	0.005161
0.9042	  0.01516	0.00388	0.003492
1.1555	  0.03235	0.0021942	0.0013967
1.5023	 0.054347	0.001803	0.0033916
1.8478	 0.092494	0.0021136	0.0053899
2.2343	  0.12821	0.0018619	0.0019529
2.7609	  0.16294	0.0019403	0.0038036
3.3123	  0.18783	0.0045256	0.0067002
3.7707	  0.21223	0.0064971	0.0032995
4.2242	  0.20531	0.010107	0.010784
# d v2 (0-80%) in 62.4 GeV ===> 
0.4835	 -0.01084	0.02348	0.01221
0.8277	  0.01882	0.005372	0.001223
1.156	 0.032968	0.0040228	0.00056938
1.5922	  0.07177	0.0028069	0.00056817
2.1644	  0.11153	0.0035105	0.0044036
2.7125	  0.16038	0.0054756	0.00292
3.2038	  0.19222	0.014216	0.011995
3.6967	  0.21575	0.017679	0.0046071
4.1907	  0.27646	0.034652	0.0069284
# d v2 (0-80%) in 39 GeV ===> 
0.4827	 -0.01972	0.006287	0.006298
0.8256	  0.01403	0.002049	0.002087
1.1547	 0.036462	0.0027984	0.00053167
1.5872	 0.074259	0.0019662	0.00052535
2.1597	   0.1246	0.0025635	0.0014281
2.7096	  0.15955	0.0043671	0.00078872
3.2011	   0.2056	0.0076038	0.0029694
3.6943	  0.21696	0.014496	0.0032088
4.1886	  0.19022	0.028729	0.0067983
# d v2 (0-80%) in 27 GeV ===> 
0.4804	 -0.01245	0.005223	0.005319
0.8235	  0.02023	0.002237	0.004168
1.1538	 0.036382	0.003015	0.00019674
1.5839	 0.073332	0.0021639	0.00026336
2.1558	  0.12408	0.0029228	0.00095468
2.7061	   0.1628	0.005281	0.00053569
3.197	  0.18485	0.0095268	0.0012422
3.6895	  0.22656	0.018557	0.002182
# d v2 (0-80%) in 19.6 GeV ===> 
0.5153	  0.01085	0.004404	0.00318
0.8425	   0.0209	0.002458	0.004596
1.1792	 0.043819	0.0033646	0.00042727
1.6082	 0.074704	0.0027863	0.00046165
2.1521	  0.12553	0.0037063	0.00036709
2.703	  0.15951	0.0069503	0.00065471
3.1937	  0.17209	0.013038	0.0014112
3.686	  0.16752	0.026895	0.0054767
# d v2 (0-80%) in 11.5 GeV ===> 
0.4906	  0.02893	0.01003	0.006252
0.8293	  0.01964	0.005641	0.01012
1.154	 0.036188	0.0054414	0.00068411
1.5783	 0.073639	0.0041545	0.00062121
2.1476	  0.10852	0.0060179	0.00051787
2.7004	  0.15224	0.011621	0.0012362
3.192	  0.14405	0.022513	0.0053382
3.6855	  0.19719	0.048616	0.012176
# d v2 (0-80%) in 7.7 GeV ===> 
0.4914	-0.001216	0.003504	0.002561
0.8293	0.0005167	0.002023	0.000794
1.1535	 0.041749	0.0076816	0.00051705
1.5748	 0.066058	0.0066459	0.00030055
2.1429	 0.094937	0.009905	0.0014458
2.6967	  0.10102	0.018769	0.0028669
3.188	 0.091792	0.032976	0.0092726
3.6813	  0.12226	0.082408	0.013754
#--------------------------------------------------
# t v2 (0-80%) in 200 GeV ===> 
1.2404	 0.036102	0.032065	0.01135
1.7597	 0.070623	0.065877	0.02192
2.4239	  0.13105	0.055472	0.020236
# t v2 (0-80%) in 62.4 GeV ===> 
1.3114	 0.011298	0.056823	0.011152
2.0453	 0.089189	0.06738	0.02636
3.0386	  0.15837	0.088346	0.027368
# t v2 (0-80%) in 39 GeV ===> 
1.2097	-0.022361	0.046541	0.011732
1.7529	 0.043022	0.035549	0.008762
2.6137	  0.15129	0.036049	0.0089219
3.7082	  0.21918	0.057075	0.043846
# t v2 (0-80%) in 27 GeV ===> 
1.2113	-0.0061496	0.049015	0.013385
1.7522	 0.064531	0.034067	0.0049789
2.6204	 0.085234	0.033226	0.0080361
3.7544	  0.17906	0.072226	0.016663
# t v2 (0-80%) in 19.6 GeV ===> 
1.3308	-0.012218	0.042185	0.005407
2.032	 0.046639	0.033333	0.0032236
2.9057	   0.0956	0.04557	0.0085331
3.9214	  0.27955	0.11914	0.017827
# t v2 (0-80%) in 11.5 GeV ===> 
1.3286	0.0095953	0.052234	0.016783
2.0259	 0.055843	0.038189	0.0058436
2.8964	  0.13534	0.054895	0.0077831
3.913	  0.33212	0.15805	0.024991
# t v2 (0-80%) in 7.7 GeV ===> 
1.3267	 0.079812	0.047708	0.014369
2.017	   0.1042	0.043211	0.005107
2.8797	  0.13314	0.064487	0.011772
3.8961	  0.34881	0.20342	0.055573
#--------------------------------------------------
# He3 v2 (0-80%) in 200 GeV ===> 
1.2605	 0.024062	0.033097	0.047514
1.9172	 0.064745	0.023673	0.0083439
2.7637	  0.10303	0.027458	0.0060534
3.5718	  0.17338	0.035921	0.013586
4.4755	  0.27971	0.067281	0.037467
# He3 v2 (0-80%) in 62.4 GeV ===> 
1.22	-0.013748	0.079895	0.035189
1.6585	  0.04568	0.058742	0.026891
2.1885	 0.052384	0.052266	0.011031
2.9716	  0.16238	0.049593	0.0031583
4.0689	  0.25903	0.12295	0.01716
# He3 v2 (0-80%) in 39 GeV ===> 
1.2115	-0.038536	0.059023	0.02686
1.6542	-0.00078028	0.037167	0.011012
2.1869	 0.057976	0.03347	0.01208
2.9581	   0.1531	0.033677	0.0063147
4.0411	  0.20964	0.090825	0.028753
# He3 v2 (0-80%) in 27 GeV ===> 
1.2107	 0.050809	0.046648	0.012649
1.654	 0.070398	0.035362	0.011829
2.1415	 0.084285	0.03612	0.0056292
2.8784	  0.15833	0.032529	0.0030074
4.0225	  0.23438	0.098347	0.0096315
# He3 v2 (0-80%) in 19.6 GeV ===> 
1.4957	 0.026645	0.031235	0.0077569
2.1411	 0.059699	0.038325	0.0046221
2.6679	   0.1399	0.0428	0.0059369
3.2823	  0.21927	0.062465	0.0082332
3.9845	  0.35222	0.11908	0.0081014
# He3 v2 (0-80%) in 11.5 GeV ===> 
1.4413	 0.033531	0.038146	0.0093149
2.0423	 0.016867	0.043962	0.0089635
2.7386	 0.052768	0.041332	0.0060936
3.8099	  0.15056	0.12477	0.014626
# He3 v2 (0-80%) in 7.7 GeV ===> 
1.4433	 0.061143	0.039779	0.013759
2.04	 0.067059	0.047252	0.00879
2.7262	 0.019253	0.046337	0.017227
3.8074	 0.084866	0.15755	0.020375

#================= ant-nuclei v2: =====================
# anti-He3 v2 (0-80%) in 200 GeV ===> 
1.2601	 0.022532	0.093074	0.029912
1.9232	  0.10193	0.036967	0.015207
2.7673	  0.11852	0.041112	0.015868
3.5719	  0.21331	0.056024	0.02115
4.4692	  0.36556	0.10891	0.017457

# anti-deuteron v2 (0-80%) in 200 GeV ===> 
0.3927	 0.004353	0.01046	0.002537
0.6745	 0.002946	0.005434	0.0009935
0.9072	 0.006767	0.004945	0.0008289
1.16	 0.029014	0.0032528	0.00090014
1.5067	 0.053184	0.0026704	0.00073521
1.8491	 0.087602	0.003198	0.0035955
2.2357	  0.13551	0.0025862	0.0044001
2.7615	  0.16096	0.0023979	0.0033249
3.3131	   0.1897	0.0067202	0.014744
3.7718	  0.19001	0.0091247	0.0024716
4.2287	   0.1972	0.013124	0.0046304
# anti-deuteron v2 (0-80%) in 62.4 GeV ===> 
0.485	 -0.02233	0.01833	0.004262
0.8312	-0.006954	0.01221	0.001875
1.158	  0.03181	0.010142	0.0013165
1.599	 0.059118	0.0076849	0.0020293
2.1693	  0.10594	0.0087421	0.003868
2.7148	  0.16178	0.011872	0.0043574
3.205	  0.18434	0.022135	0.018206
3.697	  0.19952	0.03457	0.012744
4.1902	  0.19796	0.071398	0.033867
# anti-deuteron v2 (0-80%) in 39 GeV ===> 
0.4821	 -0.02671	0.01853	0.006824
0.8269	  0.01712	0.01103	0.002227
1.1558	 0.042558	0.010783	0.00095892
1.592	 0.066206	0.0081706	0.0013435
2.1637	  0.11228	0.010284	0.0036748
2.7116	   0.1526	0.01444	0.0027573
3.2024	  0.21055	0.024538	0.0031796
3.6948	  0.17319	0.048434	0.0095602
4.1884	  0.13697	0.093068	0.045656
# anti-deuteron v2 (0-80%) in 27 GeV ===> 
0.4788	-0.008656	0.0356	0.0107
0.8231	 0.003629	0.02154	0.002111
1.1544	0.0050254	0.017153	0.0035805
1.5886	 0.081773	0.016729	0.0022522
2.1622	 0.079514	0.01975	0.010988
2.7113	  0.13092	0.02805	0.0051792
3.2025	  0.23828	0.049948	0.012249
# anti-deuteron v2 (0-80%) in 19.6 GeV ===> 
0.511	 -0.05388	0.07223	0.01429
0.8412	 0.009587	0.04953	0.00967
1.1798	-0.023913	0.041757	0.0031475
1.613	 0.023071	0.039484	0.021295
2.1608	  0.17657	0.042962	0.021129
2.7103	  0.12668	0.067918	0.025492
3.2014	   0.2475	0.11699	0.024135
