##columns: pT ,  v2 , stat.error, syst.error
#---------- nuclei v2 ------------
# d v2 (0-10%) in 200 GeV ===> 
0.6648	-0.0007346	  0.01731	0.01251
0.9042	 -0.01033	 0.009603	0.005641
1.1555	0.0022076	0.0050576	0.001732
1.5023	 0.013346	0.0041221	0.0010589
1.8478	 0.035858	0.0045476	0.0018623
2.2343	 0.064434	0.0037291	0.0048329
2.7609	 0.087527	0.0036858	0.0014313
3.3123	  0.10728	0.0085333	0.021282
3.7707	  0.14007	 0.011786	0.0046247
# d v2 (10-40%) in 200 GeV ===> 
0.6648	 -0.01089	 0.006068	0.007329
0.9042	 0.008698	    0.004	0.002705
1.1555	 0.024051	0.0022687	0.0019759
1.5023	  0.05354	0.0018704	0.00063608
1.8478	 0.094789	0.0022047	0.0096497
2.2343	  0.14142	0.0019384	0.0025265
2.7609	  0.18915	0.0020952	0.00086268
3.3123	  0.20334	0.0042996	0.002402
3.7707	  0.24461	0.0061241	0.001237
# d v2 (40-80%) in 200 GeV ===> 
0.6648	  0.02244	   0.0142	0.006627
0.9042	  0.04496	  0.01016	0.003482
1.1555	 0.083097	0.0065615	0.0013661
1.5023	  0.11246	0.0058934	0.00099211
1.8478	  0.17803	0.0075464	0.0048283
2.2343	  0.22168	0.0074246	0.0012253
2.7609	   0.2885	0.0091524	0.0056335
3.3123	  0.33274	 0.019737	0.0064947
3.7707	  0.33702	 0.031988	0.025068
# d v2 (0-30%) in 62.4 GeV ===> 
0.4835	-0.009362	  0.02461	0.01473
0.8277	 0.007908	 0.005678	0.001401
1.156	 0.019009	 0.004486	0.00077645
1.5922	 0.053092	0.0030712	0.00046371
2.1644	  0.10039	0.0037065	0.0012546
2.7125	  0.13504	0.0057384	0.0015799
3.2038	   0.1831	 0.015016	0.014607
3.6967	  0.19268	 0.018416	0.0034493
# d v2 (30-80%) in 62.4 GeV ===> 
0.4835	  0.03298	  0.02825	0.008797
0.8277	  0.04036	  0.01037	0.00232
1.156	 0.066892	0.0085786	0.0015146
1.5922	  0.13313	0.0065157	0.0006361
2.1644	  0.21903	0.0091449	0.0014001
2.7125	  0.30224	 0.015502	0.0071886
3.2038	  0.32246	 0.026514	0.013079
3.6967	  0.39122	 0.049494	0.014197
# d v2 (0-30%) in 39 GeV ===> 
0.4827	 -0.01825	 0.009016	0.007452
0.8256	 0.009444	 0.002378	0.001902
1.1547	 0.025964	0.0030932	0.0007773
1.5872	  0.05807	 0.002128	0.001157
2.1597	  0.10174	0.0027078	0.0019978
2.7096	  0.13902	0.0045581	0.0009299
3.2011	  0.18042	0.0079055	0.002903
3.6943	  0.18712	 0.015078	0.0026797
# d v2 (30-80%) in 39 GeV ===> 
0.4827	 -0.02993	  0.01001	0.01169
0.8256	  0.03175	 0.003584	0.001614
1.1547	 0.065038	0.0061482	0.0010705
1.5872	  0.13329	0.0047422	0.00056827
2.1597	  0.23501	0.0068805	0.0017279
2.7096	  0.27638	  0.01273	0.0020492
3.2011	  0.35785	 0.022668	0.0044891
3.6943	  0.40857	 0.043226	0.0092395
# d v2 (0-30%) in 27 GeV ===> 
0.4804	 -0.01484	  0.00705	0.00597
0.8235	   0.0145	 0.002598	0.004065
1.1538	  0.02415	0.0033475	0.00032867
1.5839	 0.057081	0.0023446	0.00022402
2.1558	  0.10593	 0.003103	0.00074561
2.7061	  0.14019	0.0055473	0.00093512
3.197	  0.15703	0.0099947	0.0012093
# d v2 (30-80%) in 27 GeV ===> 
0.4804	-0.001218	 0.009473	0.007069
0.8235	  0.04498	  0.00391	0.002618
1.1538	 0.072477	0.0067154	0.00056796
1.5839	  0.13761	0.0053252	0.00076962
2.1558	  0.22172	0.0079718	0.0021328
2.7061	  0.31284	  0.01556	0.0016067
3.197	  0.38122	  0.02832	0.001769
# d v2 (0-30%) in 19.6 GeV ===> 
0.5153	 0.004965	 0.004993	0.002662
0.8425	  0.00906	 0.002913	0.004461
1.1792	 0.035514	0.0040156	0.00038437
1.6082	 0.059724	0.0028519	0.0003793
2.1521	  0.11038	0.0039057	0.00024671
2.703	  0.13916	0.0072808	0.00069235
3.1937	  0.14939	 0.013624	0.0016475
# d v2 (30-80%) in 19.6 GeV ===> 
0.5153	  0.02578	 0.007076	0.002981
0.8425	  0.04701	 0.004777	0.005279
1.1792	 0.068065	0.0078314	0.0012906
1.6082	    0.134	0.0071708	0.0013505
2.1521	  0.21279	 0.010573	0.0010588
2.703	  0.31003	 0.021134	0.0018482
3.1937	  0.35125	 0.041081	0.0059325
# d v2 (0-30%) in 11.5 GeV ===> 
0.4906	  0.02622	  0.01202	0.007292
0.8293	  0.02009	  0.00653	0.004508
1.154	 0.024839	0.0059725	0.00092791
1.5783	 0.057922	 0.004377	0.00045353
2.1476	  0.09139	0.0062431	0.00051427
2.7004	  0.13125	 0.012076	0.00091404
3.192	  0.12274	 0.023327	0.0061647
# d v2 (30-80%) in 11.5 GeV ===> 
0.4906	  0.02489	  0.01903	0.006146
0.8293	  0.04316	  0.01181	0.002878
1.154	  0.07398	 0.012609	0.0022534
1.5783	  0.14363	 0.010573	0.0015211
2.1476	   0.2138	 0.017057	0.0016962
2.7004	  0.32056	 0.035687	0.0072187
3.192	  0.32681	 0.073455	0.009708
# d v2 (0-30%) in 7.7 GeV ===> 
0.4914	 -0.01264	  0.01595	0.008734
0.8293	 -0.00343	 0.009247	0.001354
1.1535	 0.036045	0.0084671	0.00096694
1.5748	 0.057466	0.0069108	0.00067778
2.1429	 0.077147	 0.010019	0.001024
2.6967	 0.098827	 0.019443	0.0030096
3.188	 0.041616	 0.037824	0.0082318
# d v2 (30-80%) in 7.7 GeV ===> 
0.4914	  0.01378	  0.02653	0.01208
0.8293	  0.01651	  0.01628	0.002965
1.1535	 0.060554	 0.016239	0.002396
1.5748	  0.10601	 0.014004	0.002232
2.1429	  0.20677	 0.024289	0.0042231
2.6967	  0.19698	  0.05091	0.0042802
3.188	  0.21129	  0.11128	0.014706
#---------- anti-nuclei v2 ------------
# dbar v2 (0-10%) in 200 GeV ===> 
0.3927	 -0.01181	  0.02984	0.009184
0.6745	-0.001314	  0.01422	0.004355
0.9072	 -0.00601	  0.01239	0.002844
1.16	 0.010418	0.0077444	0.0016392
1.5067	 0.017017	0.0065055	0.0026952
1.8491	 0.036158	0.0072486	0.0064916
2.2357	  0.05187	0.0053434	0.0024653
2.7615	 0.088408	0.0048592	0.00092545
3.3131	  0.11377	  0.01308	0.012046
3.7718	  0.11129	 0.016507	0.0041528
# dbar v2 (10-40%) in 200 GeV ===> 
0.3927	 0.004597	  0.01068	0.002262
0.6745	-0.009747	 0.005541	0.003799
0.9072	 0.003079	 0.005031	0.001272
1.16	 0.026377	0.0033389	0.00065158
1.5067	 0.045242	0.0027521	0.0082442
1.8491	 0.090028	0.0034279	0.0020906
2.2357	  0.14553	0.0027061	0.014887
2.7615	   0.1862	 0.002683	0.00075956
3.3131	  0.20346	 0.006868	0.01371
3.7718	  0.22328	0.0097416	0.0038046
# dbar v2 (40-80%) in 200 GeV ===> 
0.3927	  0.01019	  0.02266	0.005743
0.6745	  0.02207	  0.01429	0.001856
0.9072	   0.0225	  0.01168	0.001911
1.16	 0.053589	0.0092304	0.001156
1.5067	  0.12644	0.0081184	0.0011443
1.8491	  0.15963	 0.010896	0.0026025
2.2357	  0.21428	 0.010156	0.00085705
2.7615	  0.25789	 0.010913	0.0020445
3.3131	  0.31504	 0.024876	0.0097068
3.7718	  0.31512	 0.043552	0.01515
# dbar v2 (0-30%) in 62.4 GeV ===> 
0.485	  -0.0587	  0.02252	0.009984
0.8312	 -0.01587	  0.01441	0.001452
1.158	 0.016551	 0.011507	0.0015126
1.599	  0.03944	0.0087378	0.0024737
2.1693	 0.093553	0.0094337	0.0032059
2.7148	  0.14444	 0.011931	0.0039995
3.205	  0.16923	 0.021893	0.012635
3.697	  0.19078	 0.036222	0.0091647
# dbar v2 (30-80%) in 62.4 GeV ===> 
0.485	  0.00794	  0.03005	0.003328
0.8312	 0.002267	  0.02181	0.004104
1.158	 0.059381	 0.019884	0.0010938
1.599	   0.1108	 0.015709	0.0023744
2.1693	  0.16441	 0.018588	0.0069403
2.7148	  0.22948	 0.032077	0.0071182
3.205	  0.29705	 0.052986	0.019219
3.697	  0.24023	 0.069368	0.048801
# dbar v2 (0-30%) in 39 GeV ===> 
0.4821	 -0.01419	  0.02235	0.004172
0.8269	-0.005396	  0.01286	0.002728
1.1558	0.00076841	 0.012137	0.0027832
1.592	 0.048064	0.0091756	0.0018547
2.1637	 0.087999	 0.011035	0.0029434
2.7116	  0.12112	 0.014584	0.0032706
3.2024	  0.16716	 0.025069	0.0043447
3.6948	  0.15375	 0.048547	0.012518
# dbar v2 (30-80%) in 39 GeV ===> 
0.4821	 -0.04033	  0.03086	0.01142
0.8269	  0.04482	  0.01962	0.002015
1.1558	  0.11783	 0.021737	0.0016967
1.592	  0.11335	 0.016851	0.0026979
2.1637	  0.21575	 0.024772	0.0078666
2.7116	  0.23324	  0.03984	0.0089637
3.2024	  0.42108	  0.06955	0.012604
3.6948	   0.2469	   0.1595	0.033736
# dbar v2 (0-30%) in 27 GeV ===> 
0.4788	  0.02025	  0.04315	0.01079
0.8231	 0.008797	  0.02499	0.003601
1.1544	-0.019349	 0.022462	0.0019673
1.5886	 0.045655	 0.016526	0.002645
2.1622	 0.040498	  0.02088	0.0065728
2.7113	  0.10205	 0.028331	0.0050223
3.2025	  0.18147	   0.0508	0.0080971
# dbar v2 (30-80%) in 27 GeV ===> 
0.4788	 -0.03555	  0.05872	0.01186
0.8231	-0.002139	  0.03807	0.002316
1.1544	-0.0070747	 0.037999	0.0023429
1.5886	  0.17054	 0.031872	0.0034927
2.1622	  0.12693	  0.05701	0.025766
2.7113	  0.25549	 0.081038	0.016848
