200 GeV data:
2.500000	0.050718	0.225206
7.500000	0.062549	0.250098
12.500000	0.048151	0.219434
17.500000	0.038442	0.196066
22.500000	0.031953	0.178754
27.500000	0.027763	0.166622
32.500000	0.024678	0.157094
37.500000	0.022159	0.148859
42.500000	0.020539	0.143315
47.500000	0.018645	0.136546
52.500000	0.017348	0.131712
57.500000	0.016306	0.127695
62.500000	0.015481	0.124423
67.500000	0.014670	0.121120
72.500000	0.013874	0.117787
77.500000	0.013223	0.114991
82.500000	0.012725	0.112804
87.500000	0.012066	0.109844
92.500000	0.011758	0.108436
97.500000	0.011361	0.106588
102.500000	0.010847	0.104148
107.500000	0.010677	0.103331
112.500000	0.010310	0.101536
117.500000	0.010029	0.100146
122.500000	0.009690	0.098435
127.500000	0.009347	0.096680
132.500000	0.009063	0.095199
137.500000	0.008897	0.094324
142.500000	0.008699	0.093268
147.500000	0.008487	0.092123
152.500000	0.008310	0.091162
157.500000	0.008134	0.090190
162.500000	0.008016	0.089531
167.500000	0.007906	0.088916
172.500000	0.007654	0.087485
177.500000	0.007496	0.086580
182.500000	0.007329	0.085611
187.500000	0.007135	0.084469
192.500000	0.007082	0.084157
197.500000	0.007000	0.083666
202.500000	0.006824	0.082610
207.500000	0.006732	0.082050
212.500000	0.006573	0.081071
217.500000	0.006469	0.080429
222.500000	0.006477	0.080477
227.500000	0.006359	0.079744
232.500000	0.006253	0.079077
237.500000	0.006163	0.078506
242.500000	0.006008	0.077510
247.500000	0.005992	0.077408
252.500000	0.005952	0.077152
257.500000	0.005774	0.075987
262.500000	0.005700	0.075498
267.500000	0.005628	0.075017
272.500000	0.005482	0.074038
277.500000	0.005508	0.074215
282.500000	0.005354	0.073173
287.500000	0.005341	0.073079
292.500000	0.005356	0.073184
297.500000	0.005192	0.072058
302.500000	0.005156	0.071807
307.500000	0.005083	0.071297
312.500000	0.004998	0.070698
317.500000	0.005014	0.070810
322.500000	0.004953	0.070379
327.500000	0.004937	0.070265
332.500000	0.004762	0.069008
337.500000	0.004714	0.068662
342.500000	0.004635	0.068084
347.500000	0.004669	0.068329
352.500000	0.004505	0.067118
357.500000	0.004555	0.067489
362.500000	0.004456	0.066753
367.500000	0.004356	0.066001
372.500000	0.004381	0.066187
377.500000	0.004304	0.065605
382.500000	0.004327	0.065780
387.500000	0.004273	0.065366
392.500000	0.004236	0.065084
397.500000	0.004176	0.064618
402.500000	0.004092	0.063965
407.500000	0.004045	0.063600
412.500000	0.004016	0.063371
417.500000	0.003957	0.062901
422.500000	0.003887	0.062345
427.500000	0.003875	0.062252
432.500000	0.003815	0.061766
437.500000	0.003817	0.061779
442.500000	0.003780	0.061481
447.500000	0.003705	0.060866
452.500000	0.003664	0.060532
457.500000	0.003575	0.059793
462.500000	0.003588	0.059898
467.500000	0.003520	0.059328
472.500000	0.003536	0.059466
477.500000	0.003461	0.058831
482.500000	0.003452	0.058751
487.500000	0.003357	0.057943
492.500000	0.003374	0.058089
497.500000	0.003356	0.057933
502.500000	0.003146	0.056085
507.500000	0.003162	0.056231
512.500000	0.003100	0.055677
517.500000	0.003060	0.055316
522.500000	0.003071	0.055420
527.500000	0.003031	0.055053
532.500000	0.002958	0.054386
537.500000	0.002902	0.053869
542.500000	0.002820	0.053105
547.500000	0.002772	0.052648
552.500000	0.002658	0.051553
557.500000	0.002656	0.051537
562.500000	0.002485	0.049848
567.500000	0.002421	0.049200
572.500000	0.002259	0.047526
577.500000	0.002140	0.046256
582.500000	0.001989	0.044595
587.500000	0.001832	0.042799
592.500000	0.001574	0.039672
597.500000	0.001391	0.037290
602.500000	0.001254	0.035411
607.500000	0.001053	0.032451
612.500000	0.000916	0.030264
617.500000	0.000723	0.026894
622.500000	0.000643	0.025350
627.500000	0.000500	0.022371
632.500000	0.000406	0.020138
637.500000	0.000301	0.017341
642.500000	0.000213	0.014592
647.500000	0.000165	0.012831
652.500000	0.000125	0.011161
657.500000	0.000080	0.008920
662.500000	0.000065	0.008081
667.500000	0.000041	0.006415
672.500000	0.000028	0.005290
677.500000	0.000018	0.004255
682.500000	0.000013	0.003629
687.500000	0.000005	0.002222
692.500000	0.000007	0.002671
697.500000	0.000002	0.001482
702.500000	0.000000	0.000000
707.500000	0.000002	0.001283
712.500000	0.000001	0.001048
717.500000	0.000000	0.000000
722.500000	0.000000	0.000000
727.500000	0.000000	0.000000
732.500000	0.000000	0.000000
737.500000	0.000000	0.000000
742.500000	0.000000	0.000000
747.500000	0.000001	0.000741
752.500000	0.000000	0.000000
757.500000	0.000000	0.000000
762.500000	0.000001	0.000741
767.500000	0.000000	0.000000
772.500000	0.000000	0.000000
777.500000	0.000000	0.000000
782.500000	0.000000	0.000000
787.500000	0.000000	0.000000
792.500000	0.000000	0.000000
797.500000	0.000000	0.000000
802.500000	0.000000	0.000000
807.500000	0.000000	0.000000
812.500000	0.000000	0.000000
817.500000	0.000000	0.000000
822.500000	0.000000	0.000000
827.500000	0.000000	0.000000
832.500000	0.000000	0.000000
837.500000	0.000000	0.000000
842.500000	0.000000	0.000000
847.500000	0.000000	0.000000
852.500000	0.000000	0.000000
857.500000	0.000000	0.000000
862.500000	0.000000	0.000000
867.500000	0.000000	0.000000
872.500000	0.000000	0.000000
877.500000	0.000000	0.000000
882.500000	0.000000	0.000000
887.500000	0.000000	0.000000
892.500000	0.000000	0.000000
897.500000	0.000000	0.000000
902.500000	0.000000	0.000000
907.500000	0.000000	0.000000
912.500000	0.000000	0.000000
917.500000	0.000000	0.000000
922.500000	0.000000	0.000000
927.500000	0.000000	0.000000
932.500000	0.000000	0.000000
937.500000	0.000000	0.000000
942.500000	0.000000	0.000000
947.500000	0.000000	0.000000
952.500000	0.000000	0.000000
957.500000	0.000000	0.000000
962.500000	0.000000	0.000000
967.500000	0.000000	0.000000
972.500000	0.000000	0.000000
977.500000	0.000000	0.000000
982.500000	0.000000	0.000000
987.500000	0.000000	0.000000
992.500000	0.000000	0.000000
997.500000	0.000000	0.000000
62.4 GeV data:
0.500000	0.008300	0.000036
1.500000	0.017641	0.000053
2.500000	0.020923	0.000057
3.500000	0.020272	0.000056
4.500000	0.019037	0.000055
5.500000	0.017485	0.000052
6.500000	0.016226	0.000051
7.500000	0.015047	0.000049
8.500000	0.013943	0.000047
9.500000	0.013031	0.000045
10.500000	0.012194	0.000044
11.500000	0.011419	0.000042
12.500000	0.010798	0.000041
13.500000	0.010164	0.000040
14.500000	0.009675	0.000039
15.500000	0.009208	0.000038
16.500000	0.008810	0.000037
17.500000	0.008416	0.000036
18.500000	0.008105	0.000036
19.500000	0.007721	0.000035
20.500000	0.007513	0.000034
21.500000	0.007193	0.000034
22.500000	0.006931	0.000033
23.500000	0.006751	0.000033
24.500000	0.006567	0.000032
25.500000	0.006371	0.000032
26.500000	0.006190	0.000031
27.500000	0.006026	0.000031
28.500000	0.005899	0.000030
29.500000	0.005715	0.000030
30.500000	0.005611	0.000030
31.500000	0.005496	0.000029
32.500000	0.005374	0.000029
33.500000	0.005239	0.000029
34.500000	0.005168	0.000029
35.500000	0.005074	0.000028
36.500000	0.004924	0.000028
37.500000	0.004837	0.000028
38.500000	0.004753	0.000027
39.500000	0.004710	0.000027
40.500000	0.004633	0.000027
41.500000	0.004527	0.000027
42.500000	0.004463	0.000026
43.500000	0.004379	0.000026
44.500000	0.004301	0.000026
45.500000	0.004228	0.000026
46.500000	0.004170	0.000026
47.500000	0.004118	0.000025
48.500000	0.004038	0.000025
49.500000	0.004039	0.000025
50.500000	0.003942	0.000025
51.500000	0.003856	0.000025
52.500000	0.003826	0.000025
53.500000	0.003805	0.000024
54.500000	0.003728	0.000024
55.500000	0.003677	0.000024
56.500000	0.003661	0.000024
57.500000	0.003624	0.000024
58.500000	0.003572	0.000024
59.500000	0.003473	0.000023
60.500000	0.003480	0.000023
61.500000	0.003422	0.000023
62.500000	0.003447	0.000023
63.500000	0.003403	0.000023
64.500000	0.003314	0.000023
65.500000	0.003313	0.000023
66.500000	0.003238	0.000023
67.500000	0.003253	0.000023
68.500000	0.003201	0.000022
69.500000	0.003159	0.000022
70.500000	0.003152	0.000022
71.500000	0.003089	0.000022
72.500000	0.003050	0.000022
73.500000	0.003052	0.000022
74.500000	0.003032	0.000022
75.500000	0.002983	0.000022
76.500000	0.002983	0.000022
77.500000	0.002943	0.000022
78.500000	0.002959	0.000022
79.500000	0.002856	0.000021
80.500000	0.002879	0.000021
81.500000	0.002833	0.000021
82.500000	0.002797	0.000021
83.500000	0.002760	0.000021
84.500000	0.002747	0.000021
85.500000	0.002756	0.000021
86.500000	0.002692	0.000021
87.500000	0.002700	0.000021
88.500000	0.002674	0.000021
89.500000	0.002659	0.000020
90.500000	0.002656	0.000020
91.500000	0.002601	0.000020
92.500000	0.002551	0.000020
93.500000	0.002572	0.000020
94.500000	0.002515	0.000020
95.500000	0.002549	0.000020
96.500000	0.002510	0.000020
97.500000	0.002526	0.000020
98.500000	0.002481	0.000020
99.500000	0.002444	0.000020
100.500000	0.002400	0.000019
101.500000	0.002378	0.000019
102.500000	0.002388	0.000019
103.500000	0.002403	0.000019
104.500000	0.002392	0.000019
105.500000	0.002376	0.000019
106.500000	0.002330	0.000019
107.500000	0.002335	0.000019
108.500000	0.002302	0.000019
109.500000	0.002297	0.000019
110.500000	0.002269	0.000019
111.500000	0.002281	0.000019
112.500000	0.002237	0.000019
113.500000	0.002241	0.000019
114.500000	0.002241	0.000019
115.500000	0.002225	0.000019
116.500000	0.002215	0.000019
117.500000	0.002186	0.000019
118.500000	0.002174	0.000018
119.500000	0.002138	0.000018
120.500000	0.002132	0.000018
121.500000	0.002128	0.000018
122.500000	0.002137	0.000018
123.500000	0.002085	0.000018
124.500000	0.002088	0.000018
125.500000	0.002041	0.000018
126.500000	0.002073	0.000018
127.500000	0.002048	0.000018
128.500000	0.002035	0.000018
129.500000	0.002022	0.000018
130.500000	0.002006	0.000018
131.500000	0.002021	0.000018
132.500000	0.002022	0.000018
133.500000	0.001988	0.000018
134.500000	0.001984	0.000018
135.500000	0.001983	0.000018
136.500000	0.001969	0.000018
137.500000	0.001927	0.000017
138.500000	0.001958	0.000018
139.500000	0.001902	0.000017
140.500000	0.001895	0.000017
141.500000	0.001887	0.000017
142.500000	0.001903	0.000017
143.500000	0.001864	0.000017
144.500000	0.001881	0.000017
145.500000	0.001854	0.000017
146.500000	0.001857	0.000017
147.500000	0.001856	0.000017
148.500000	0.001839	0.000017
149.500000	0.001835	0.000017
150.500000	0.001842	0.000017
151.500000	0.001814	0.000017
152.500000	0.001786	0.000017
153.500000	0.001795	0.000017
154.500000	0.001801	0.000017
155.500000	0.001743	0.000017
156.500000	0.001779	0.000017
157.500000	0.001761	0.000017
158.500000	0.001769	0.000017
159.500000	0.001747	0.000017
160.500000	0.001740	0.000017
161.500000	0.001723	0.000016
162.500000	0.001741	0.000017
163.500000	0.001707	0.000016
164.500000	0.001743	0.000017
165.500000	0.001697	0.000016
166.500000	0.001687	0.000016
167.500000	0.001709	0.000016
168.500000	0.001661	0.000016
169.500000	0.001672	0.000016
170.500000	0.001641	0.000016
171.500000	0.001644	0.000016
172.500000	0.001628	0.000016
173.500000	0.001628	0.000016
174.500000	0.001661	0.000016
175.500000	0.001642	0.000016
176.500000	0.001641	0.000016
177.500000	0.001606	0.000016
178.500000	0.001594	0.000016
179.500000	0.001584	0.000016
180.500000	0.001586	0.000016
181.500000	0.001575	0.000016
182.500000	0.001593	0.000016
183.500000	0.001571	0.000016
184.500000	0.001547	0.000016
185.500000	0.001562	0.000016
186.500000	0.001531	0.000016
187.500000	0.001538	0.000016
188.500000	0.001558	0.000016
189.500000	0.001540	0.000016
190.500000	0.001563	0.000016
191.500000	0.001528	0.000015
192.500000	0.001495	0.000015
193.500000	0.001485	0.000015
194.500000	0.001510	0.000015
195.500000	0.001476	0.000015
196.500000	0.001480	0.000015
197.500000	0.001500	0.000015
198.500000	0.001450	0.000015
199.500000	0.001481	0.000015
200.500000	0.001480	0.000015
201.500000	0.001456	0.000015
202.500000	0.001455	0.000015
203.500000	0.001414	0.000015
204.500000	0.001466	0.000015
205.500000	0.001449	0.000015
206.500000	0.001419	0.000015
207.500000	0.001405	0.000015
208.500000	0.001422	0.000015
209.500000	0.001391	0.000015
210.500000	0.001428	0.000015
211.500000	0.001396	0.000015
212.500000	0.001405	0.000015
213.500000	0.001406	0.000015
214.500000	0.001396	0.000015
215.500000	0.001383	0.000015
216.500000	0.001388	0.000015
217.500000	0.001370	0.000015
218.500000	0.001360	0.000015
219.500000	0.001362	0.000015
220.500000	0.001364	0.000015
221.500000	0.001346	0.000015
222.500000	0.001329	0.000014
223.500000	0.001334	0.000014
224.500000	0.001337	0.000014
225.500000	0.001315	0.000014
226.500000	0.001311	0.000014
227.500000	0.001320	0.000014
228.500000	0.001338	0.000015
229.500000	0.001311	0.000014
230.500000	0.001308	0.000014
231.500000	0.001290	0.000014
232.500000	0.001301	0.000014
233.500000	0.001299	0.000014
234.500000	0.001277	0.000014
235.500000	0.001318	0.000014
236.500000	0.001283	0.000014
237.500000	0.001256	0.000014
238.500000	0.001268	0.000014
239.500000	0.001269	0.000014
240.500000	0.001259	0.000014
241.500000	0.001249	0.000014
242.500000	0.001265	0.000014
243.500000	0.001241	0.000014
244.500000	0.001240	0.000014
245.500000	0.001240	0.000014
246.500000	0.001261	0.000014
247.500000	0.001221	0.000014
248.500000	0.001214	0.000014
249.500000	0.001247	0.000014
250.500000	0.001199	0.000014
251.500000	0.001216	0.000014
252.500000	0.001226	0.000014
253.500000	0.001203	0.000014
254.500000	0.001201	0.000014
255.500000	0.001184	0.000014
256.500000	0.001206	0.000014
257.500000	0.001192	0.000014
258.500000	0.001189	0.000014
259.500000	0.001170	0.000014
260.500000	0.001168	0.000014
261.500000	0.001171	0.000014
262.500000	0.001170	0.000014
263.500000	0.001174	0.000014
264.500000	0.001170	0.000014
265.500000	0.001168	0.000014
266.500000	0.001150	0.000013
267.500000	0.001145	0.000013
268.500000	0.001142	0.000013
269.500000	0.001158	0.000013
270.500000	0.001135	0.000013
271.500000	0.001117	0.000013
272.500000	0.001137	0.000013
273.500000	0.001126	0.000013
274.500000	0.001113	0.000013
275.500000	0.001094	0.000013
276.500000	0.001132	0.000013
277.500000	0.001104	0.000013
278.500000	0.001087	0.000013
279.500000	0.001087	0.000013
280.500000	0.001105	0.000013
281.500000	0.001097	0.000013
282.500000	0.001074	0.000013
283.500000	0.001097	0.000013
284.500000	0.001079	0.000013
285.500000	0.001063	0.000013
286.500000	0.001053	0.000013
287.500000	0.001081	0.000013
288.500000	0.001061	0.000013
289.500000	0.001058	0.000013
290.500000	0.001060	0.000013
291.500000	0.001052	0.000013
292.500000	0.001052	0.000013
293.500000	0.001043	0.000013
294.500000	0.001036	0.000013
295.500000	0.001036	0.000013
296.500000	0.001017	0.000013
297.500000	0.001027	0.000013
298.500000	0.001025	0.000013
299.500000	0.001038	0.000013
300.500000	0.001031	0.000013
301.500000	0.001015	0.000013
302.500000	0.000995	0.000013
303.500000	0.001001	0.000013
304.500000	0.001024	0.000013
305.500000	0.001021	0.000013
306.500000	0.001002	0.000013
307.500000	0.000987	0.000012
308.500000	0.000992	0.000012
309.500000	0.000989	0.000012
310.500000	0.000979	0.000012
311.500000	0.000984	0.000012
312.500000	0.000971	0.000012
313.500000	0.000955	0.000012
314.500000	0.000980	0.000012
315.500000	0.000986	0.000012
316.500000	0.000973	0.000012
317.500000	0.000969	0.000012
318.500000	0.000964	0.000012
319.500000	0.000967	0.000012
320.500000	0.000952	0.000012
321.500000	0.000954	0.000012
322.500000	0.000954	0.000012
323.500000	0.000926	0.000012
324.500000	0.000929	0.000012
325.500000	0.000942	0.000012
326.500000	0.000931	0.000012
327.500000	0.000922	0.000012
328.500000	0.000924	0.000012
329.500000	0.000917	0.000012
330.500000	0.000905	0.000012
331.500000	0.000916	0.000012
332.500000	0.000911	0.000012
333.500000	0.000922	0.000012
334.500000	0.000919	0.000012
335.500000	0.000899	0.000012
336.500000	0.000907	0.000012
337.500000	0.000907	0.000012
338.500000	0.000903	0.000012
339.500000	0.000889	0.000012
340.500000	0.000868	0.000012
341.500000	0.000890	0.000012
342.500000	0.000893	0.000012
343.500000	0.000883	0.000012
344.500000	0.000874	0.000012
345.500000	0.000851	0.000012
346.500000	0.000861	0.000012
347.500000	0.000868	0.000012
348.500000	0.000853	0.000012
349.500000	0.000860	0.000012
350.500000	0.000866	0.000012
351.500000	0.000851	0.000012
352.500000	0.000852	0.000012
353.500000	0.000834	0.000011
354.500000	0.000861	0.000012
355.500000	0.000838	0.000011
356.500000	0.000830	0.000011
357.500000	0.000808	0.000011
358.500000	0.000836	0.000011
359.500000	0.000813	0.000011
360.500000	0.000821	0.000011
361.500000	0.000834	0.000011
362.500000	0.000821	0.000011
363.500000	0.000836	0.000011
364.500000	0.000836	0.000011
365.500000	0.000824	0.000011
366.500000	0.000811	0.000011
367.500000	0.000787	0.000011
368.500000	0.000794	0.000011
369.500000	0.000818	0.000011
370.500000	0.000768	0.000011
371.500000	0.000798	0.000011
372.500000	0.000783	0.000011
373.500000	0.000777	0.000011
374.500000	0.000773	0.000011
375.500000	0.000779	0.000011
376.500000	0.000790	0.000011
377.500000	0.000752	0.000011
378.500000	0.000782	0.000011
379.500000	0.000760	0.000011
380.500000	0.000757	0.000011
381.500000	0.000743	0.000011
382.500000	0.000759	0.000011
383.500000	0.000762	0.000011
384.500000	0.000743	0.000011
385.500000	0.000752	0.000011
386.500000	0.000735	0.000011
387.500000	0.000715	0.000011
388.500000	0.000736	0.000011
389.500000	0.000721	0.000011
390.500000	0.000712	0.000011
391.500000	0.000735	0.000011
392.500000	0.000703	0.000011
393.500000	0.000729	0.000011
394.500000	0.000718	0.000011
395.500000	0.000710	0.000011
396.500000	0.000692	0.000010
397.500000	0.000722	0.000011
398.500000	0.000703	0.000011
399.500000	0.000695	0.000010
400.500000	0.000684	0.000010
401.500000	0.000693	0.000010
402.500000	0.000685	0.000010
403.500000	0.000706	0.000011
404.500000	0.000657	0.000010
405.500000	0.000666	0.000010
406.500000	0.000668	0.000010
407.500000	0.000654	0.000010
408.500000	0.000676	0.000010
409.500000	0.000660	0.000010
410.500000	0.000629	0.000010
411.500000	0.000643	0.000010
412.500000	0.000629	0.000010
413.500000	0.000652	0.000010
414.500000	0.000626	0.000010
415.500000	0.000607	0.000010
416.500000	0.000605	0.000010
417.500000	0.000605	0.000010
418.500000	0.000599	0.000010
419.500000	0.000577	0.000010
420.500000	0.000583	0.000010
421.500000	0.000574	0.000009
422.500000	0.000589	0.000010
423.500000	0.000555	0.000009
424.500000	0.000557	0.000009
425.500000	0.000535	0.000009
426.500000	0.000531	0.000009
427.500000	0.000519	0.000009
428.500000	0.000505	0.000009
429.500000	0.000516	0.000009
430.500000	0.000521	0.000009
431.500000	0.000494	0.000009
432.500000	0.000487	0.000009
433.500000	0.000492	0.000009
434.500000	0.000480	0.000009
435.500000	0.000460	0.000008
436.500000	0.000455	0.000008
437.500000	0.000467	0.000009
438.500000	0.000430	0.000008
439.500000	0.000419	0.000008
440.500000	0.000417	0.000008
441.500000	0.000411	0.000008
442.500000	0.000397	0.000008
443.500000	0.000380	0.000008
444.500000	0.000383	0.000008
445.500000	0.000376	0.000008
446.500000	0.000347	0.000007
447.500000	0.000352	0.000007
448.500000	0.000341	0.000007
449.500000	0.000321	0.000007
450.500000	0.000318	0.000007
451.500000	0.000298	0.000007
452.500000	0.000286	0.000007
453.500000	0.000291	0.000007
454.500000	0.000280	0.000007
455.500000	0.000261	0.000006
456.500000	0.000244	0.000006
457.500000	0.000251	0.000006
458.500000	0.000234	0.000006
459.500000	0.000236	0.000006
460.500000	0.000219	0.000006
461.500000	0.000216	0.000006
462.500000	0.000193	0.000006
463.500000	0.000202	0.000006
464.500000	0.000179	0.000005
465.500000	0.000184	0.000005
466.500000	0.000169	0.000005
467.500000	0.000168	0.000005
468.500000	0.000158	0.000005
469.500000	0.000146	0.000005
470.500000	0.000149	0.000005
471.500000	0.000135	0.000005
472.500000	0.000127	0.000004
473.500000	0.000116	0.000004
474.500000	0.000108	0.000004
475.500000	0.000115	0.000004
476.500000	0.000106	0.000004
477.500000	0.000098	0.000004
478.500000	0.000095	0.000004
479.500000	0.000088	0.000004
480.500000	0.000076	0.000003
481.500000	0.000080	0.000004
482.500000	0.000073	0.000003
483.500000	0.000068	0.000003
484.500000	0.000060	0.000003
485.500000	0.000062	0.000003
486.500000	0.000058	0.000003
487.500000	0.000047	0.000003
488.500000	0.000054	0.000003
489.500000	0.000045	0.000003
490.500000	0.000042	0.000003
491.500000	0.000039	0.000002
492.500000	0.000036	0.000002
493.500000	0.000033	0.000002
494.500000	0.000028	0.000002
495.500000	0.000033	0.000002
496.500000	0.000031	0.000002
497.500000	0.000026	0.000002
498.500000	0.000023	0.000002
499.500000	0.000019	0.000002
500.500000	0.000017	0.000002
501.500000	0.000016	0.000002
502.500000	0.000017	0.000002
503.500000	0.000013	0.000001
504.500000	0.000014	0.000001
505.500000	0.000015	0.000002
506.500000	0.000012	0.000001
507.500000	0.000010	0.000001
508.500000	0.000009	0.000001
509.500000	0.000009	0.000001
510.500000	0.000010	0.000001
511.500000	0.000007	0.000001
512.500000	0.000006	0.000001
513.500000	0.000005	0.000001
514.500000	0.000006	0.000001
515.500000	0.000005	0.000001
516.500000	0.000004	0.000001
517.500000	0.000005	0.000001
518.500000	0.000005	0.000001
519.500000	0.000004	0.000001
520.500000	0.000004	0.000001
521.500000	0.000003	0.000001
522.500000	0.000003	0.000001
523.500000	0.000002	0.000001
524.500000	0.000002	0.000001
525.500000	0.000002	0.000001
526.500000	0.000000	0.000000
527.500000	0.000001	0.000000
528.500000	0.000001	0.000000
529.500000	0.000001	0.000000
530.500000	0.000001	0.000000
531.500000	0.000001	0.000000
532.500000	0.000001	0.000000
533.500000	0.000001	0.000000
534.500000	0.000001	0.000000
535.500000	0.000000	0.000000
536.500000	0.000000	0.000000
537.500000	0.000000	0.000000
538.500000	0.000001	0.000000
539.500000	0.000000	0.000000
540.500000	0.000000	0.000000
541.500000	0.000000	0.000000
542.500000	0.000000	0.000000
543.500000	0.000000	0.000000
544.500000	0.000000	0.000000
545.500000	0.000000	0.000000
546.500000	0.000000	0.000000
547.500000	0.000000	0.000000
548.500000	0.000000	0.000000
549.500000	0.000000	0.000000
550.500000	0.000000	0.000000
551.500000	0.000000	0.000000
552.500000	0.000000	0.000000
553.500000	0.000000	0.000000
554.500000	0.000000	0.000000
555.500000	0.000000	0.000000
556.500000	0.000000	0.000000
557.500000	0.000000	0.000000
558.500000	0.000000	0.000000
559.500000	0.000000	0.000000
560.500000	0.000000	0.000000
561.500000	0.000000	0.000000
562.500000	0.000000	0.000000
563.500000	0.000000	0.000000
564.500000	0.000000	0.000000
565.500000	0.000000	0.000000
566.500000	0.000000	0.000000
567.500000	0.000000	0.000000
568.500000	0.000000	0.000000
569.500000	0.000000	0.000000
570.500000	0.000000	0.000000
571.500000	0.000000	0.000000
572.500000	0.000000	0.000000
573.500000	0.000000	0.000000
574.500000	0.000000	0.000000
575.500000	0.000000	0.000000
576.500000	0.000000	0.000000
577.500000	0.000000	0.000000
578.500000	0.000000	0.000000
579.500000	0.000000	0.000000
580.500000	0.000000	0.000000
581.500000	0.000000	0.000000
582.500000	0.000000	0.000000
583.500000	0.000000	0.000000
584.500000	0.000000	0.000000
585.500000	0.000000	0.000000
586.500000	0.000000	0.000000
587.500000	0.000000	0.000000
588.500000	0.000000	0.000000
589.500000	0.000000	0.000000
590.500000	0.000000	0.000000
591.500000	0.000000	0.000000
592.500000	0.000000	0.000000
593.500000	0.000000	0.000000
594.500000	0.000000	0.000000
595.500000	0.000000	0.000000
596.500000	0.000000	0.000000
597.500000	0.000000	0.000000
598.500000	0.000000	0.000000
599.500000	0.000000	0.000000
600.500000	0.000000	0.000000
601.500000	0.000000	0.000000
602.500000	0.000000	0.000000
603.500000	0.000000	0.000000
604.500000	0.000000	0.000000
605.500000	0.000000	0.000000
606.500000	0.000000	0.000000
607.500000	0.000000	0.000000
608.500000	0.000000	0.000000
609.500000	0.000000	0.000000
610.500000	0.000000	0.000000
611.500000	0.000000	0.000000
612.500000	0.000000	0.000000
613.500000	0.000000	0.000000
614.500000	0.000000	0.000000
615.500000	0.000000	0.000000
616.500000	0.000000	0.000000
617.500000	0.000000	0.000000
618.500000	0.000000	0.000000
619.500000	0.000000	0.000000
620.500000	0.000000	0.000000
621.500000	0.000000	0.000000
622.500000	0.000000	0.000000
623.500000	0.000000	0.000000
624.500000	0.000000	0.000000
625.500000	0.000000	0.000000
626.500000	0.000000	0.000000
627.500000	0.000000	0.000000
628.500000	0.000000	0.000000
629.500000	0.000000	0.000000
630.500000	0.000000	0.000000
631.500000	0.000000	0.000000
632.500000	0.000000	0.000000
633.500000	0.000000	0.000000
634.500000	0.000000	0.000000
635.500000	0.000000	0.000000
636.500000	0.000000	0.000000
637.500000	0.000000	0.000000
638.500000	0.000000	0.000000
639.500000	0.000000	0.000000
640.500000	0.000000	0.000000
641.500000	0.000000	0.000000
642.500000	0.000000	0.000000
643.500000	0.000000	0.000000
644.500000	0.000000	0.000000
645.500000	0.000000	0.000000
646.500000	0.000000	0.000000
647.500000	0.000000	0.000000
648.500000	0.000000	0.000000
649.500000	0.000000	0.000000
650.500000	0.000000	0.000000
651.500000	0.000000	0.000000
652.500000	0.000000	0.000000
653.500000	0.000000	0.000000
654.500000	0.000000	0.000000
655.500000	0.000000	0.000000
656.500000	0.000000	0.000000
657.500000	0.000000	0.000000
658.500000	0.000000	0.000000
659.500000	0.000000	0.000000
660.500000	0.000000	0.000000
661.500000	0.000000	0.000000
662.500000	0.000000	0.000000
663.500000	0.000000	0.000000
664.500000	0.000000	0.000000
665.500000	0.000000	0.000000
666.500000	0.000000	0.000000
667.500000	0.000000	0.000000
668.500000	0.000000	0.000000
669.500000	0.000000	0.000000
670.500000	0.000000	0.000000
671.500000	0.000000	0.000000
672.500000	0.000000	0.000000
673.500000	0.000000	0.000000
674.500000	0.000000	0.000000
675.500000	0.000000	0.000000
676.500000	0.000000	0.000000
677.500000	0.000000	0.000000
678.500000	0.000000	0.000000
679.500000	0.000000	0.000000
680.500000	0.000000	0.000000
681.500000	0.000000	0.000000
682.500000	0.000000	0.000000
683.500000	0.000000	0.000000
684.500000	0.000000	0.000000
685.500000	0.000000	0.000000
686.500000	0.000000	0.000000
687.500000	0.000000	0.000000
688.500000	0.000000	0.000000
689.500000	0.000000	0.000000
690.500000	0.000000	0.000000
691.500000	0.000000	0.000000
692.500000	0.000000	0.000000
693.500000	0.000000	0.000000
694.500000	0.000000	0.000000
695.500000	0.000000	0.000000
696.500000	0.000000	0.000000
697.500000	0.000000	0.000000
698.500000	0.000000	0.000000
699.500000	0.000000	0.000000
700.500000	0.000000	0.000000
701.500000	0.000000	0.000000
702.500000	0.000000	0.000000
703.500000	0.000000	0.000000
704.500000	0.000000	0.000000
705.500000	0.000000	0.000000
706.500000	0.000000	0.000000
707.500000	0.000000	0.000000
708.500000	0.000000	0.000000
709.500000	0.000000	0.000000
710.500000	0.000000	0.000000
711.500000	0.000000	0.000000
712.500000	0.000000	0.000000
713.500000	0.000000	0.000000
714.500000	0.000000	0.000000
715.500000	0.000000	0.000000
716.500000	0.000000	0.000000
717.500000	0.000000	0.000000
718.500000	0.000000	0.000000
719.500000	0.000000	0.000000
720.500000	0.000000	0.000000
721.500000	0.000000	0.000000
722.500000	0.000000	0.000000
723.500000	0.000000	0.000000
724.500000	0.000000	0.000000
725.500000	0.000000	0.000000
726.500000	0.000000	0.000000
727.500000	0.000000	0.000000
728.500000	0.000000	0.000000
729.500000	0.000000	0.000000
730.500000	0.000000	0.000000
731.500000	0.000000	0.000000
732.500000	0.000000	0.000000
733.500000	0.000000	0.000000
734.500000	0.000000	0.000000
735.500000	0.000000	0.000000
736.500000	0.000000	0.000000
737.500000	0.000000	0.000000
738.500000	0.000000	0.000000
739.500000	0.000000	0.000000
740.500000	0.000000	0.000000
741.500000	0.000000	0.000000
742.500000	0.000000	0.000000
743.500000	0.000000	0.000000
744.500000	0.000000	0.000000
745.500000	0.000000	0.000000
746.500000	0.000000	0.000000
747.500000	0.000000	0.000000
748.500000	0.000000	0.000000
749.500000	0.000000	0.000000
750.500000	0.000000	0.000000
751.500000	0.000000	0.000000
752.500000	0.000000	0.000000
753.500000	0.000000	0.000000
754.500000	0.000000	0.000000
755.500000	0.000000	0.000000
756.500000	0.000000	0.000000
757.500000	0.000000	0.000000
758.500000	0.000000	0.000000
759.500000	0.000000	0.000000
760.500000	0.000000	0.000000
761.500000	0.000000	0.000000
762.500000	0.000000	0.000000
763.500000	0.000000	0.000000
764.500000	0.000000	0.000000
765.500000	0.000000	0.000000
766.500000	0.000000	0.000000
767.500000	0.000000	0.000000
768.500000	0.000000	0.000000
769.500000	0.000000	0.000000
770.500000	0.000000	0.000000
771.500000	0.000000	0.000000
772.500000	0.000000	0.000000
773.500000	0.000000	0.000000
774.500000	0.000000	0.000000
775.500000	0.000000	0.000000
776.500000	0.000000	0.000000
777.500000	0.000000	0.000000
778.500000	0.000000	0.000000
779.500000	0.000000	0.000000
780.500000	0.000000	0.000000
781.500000	0.000000	0.000000
782.500000	0.000000	0.000000
783.500000	0.000000	0.000000
784.500000	0.000000	0.000000
785.500000	0.000000	0.000000
786.500000	0.000000	0.000000
787.500000	0.000000	0.000000
788.500000	0.000000	0.000000
789.500000	0.000000	0.000000
790.500000	0.000000	0.000000
791.500000	0.000000	0.000000
792.500000	0.000000	0.000000
793.500000	0.000000	0.000000
794.500000	0.000000	0.000000
795.500000	0.000000	0.000000
796.500000	0.000000	0.000000
797.500000	0.000000	0.000000
798.500000	0.000000	0.000000
799.500000	0.000000	0.000000
