200 GeV data:
2.500000	5.071781e-002	1.668295e-004
7.500000	6.254915e-002	1.852692e-004
12.500000	4.815124e-002	1.625535e-004
17.500000	3.844197e-002	1.452431e-004
22.500000	3.195285e-002	1.324181e-004
27.500000	2.776304e-002	1.234315e-004
32.500000	2.467844e-002	1.163728e-004
37.500000	2.215907e-002	1.102728e-004
42.500000	2.053912e-002	1.061655e-004
47.500000	1.864478e-002	1.011512e-004
52.500000	1.734806e-002	9.757038e-005
57.500000	1.630596e-002	9.459446e-005
62.500000	1.548116e-002	9.217102e-005
67.500000	1.467009e-002	8.972407e-005
72.500000	1.387384e-002	8.725510e-005
77.500000	1.322300e-002	8.518392e-005
82.500000	1.272473e-002	8.356353e-005
87.500000	1.206566e-002	8.137071e-005
92.500000	1.175835e-002	8.032779e-005
97.500000	1.136105e-002	7.895902e-005
102.500000	1.084686e-002	7.715153e-005
107.500000	1.067729e-002	7.654610e-005
112.500000	1.030962e-002	7.521663e-005
117.500000	1.002920e-002	7.418664e-005
122.500000	9.689515e-003	7.291948e-005
127.500000	9.347087e-003	7.161940e-005
132.500000	9.062827e-003	7.052197e-005
137.500000	8.897101e-003	6.987420e-005
142.500000	8.698997e-003	6.909190e-005
147.500000	8.486626e-003	6.824331e-005
152.500000	8.310473e-003	6.753135e-005
157.500000	8.134320e-003	6.681180e-005
162.500000	8.015787e-003	6.632323e-005
167.500000	7.906034e-003	6.586761e-005
172.500000	7.653603e-003	6.480754e-005
177.500000	7.496108e-003	6.413727e-005
182.500000	7.329284e-003	6.341958e-005
187.500000	7.135022e-003	6.257347e-005
192.500000	7.082340e-003	6.234203e-005
197.500000	7.000026e-003	6.197869e-005
202.500000	6.824422e-003	6.119635e-005
207.500000	6.732229e-003	6.078158e-005
212.500000	6.572539e-003	6.005638e-005
217.500000	6.468823e-003	5.958064e-005
222.500000	6.476506e-003	5.961601e-005
227.500000	6.359070e-003	5.907305e-005
232.500000	6.253159e-003	5.857905e-005
237.500000	6.163162e-003	5.815598e-005
242.500000	6.007862e-003	5.741859e-005
247.500000	5.991947e-003	5.734249e-005
252.500000	5.952436e-003	5.715312e-005
257.500000	5.774088e-003	5.629039e-005
262.500000	5.700005e-003	5.592812e-005
267.500000	5.627569e-003	5.557161e-005
272.500000	5.481597e-003	5.484615e-005
277.500000	5.507938e-003	5.497777e-005
282.500000	5.354284e-003	5.420549e-005
287.500000	5.340565e-003	5.413600e-005
292.500000	5.355931e-003	5.421382e-005
297.500000	5.192399e-003	5.337976e-005
302.500000	5.156181e-003	5.319326e-005
307.500000	5.083195e-003	5.281545e-005
312.500000	4.998137e-003	5.237170e-005
317.500000	5.014051e-003	5.245501e-005
322.500000	4.953138e-003	5.213541e-005
327.500000	4.937224e-003	5.205159e-005
332.500000	4.762169e-003	5.112048e-005
337.500000	4.714426e-003	5.086359e-005
342.500000	4.635404e-003	5.043551e-005
347.500000	4.668879e-003	5.061729e-005
352.500000	4.504799e-003	4.971990e-005
357.500000	4.554736e-003	4.999472e-005
362.500000	4.455959e-003	4.944964e-005
367.500000	4.356084e-003	4.889232e-005
372.500000	4.380778e-003	4.903071e-005
377.500000	4.303951e-003	4.859888e-005
382.500000	4.326999e-003	4.872883e-005
387.500000	4.272672e-003	4.842196e-005
392.500000	4.235905e-003	4.821317e-005
397.500000	4.175541e-003	4.786840e-005
402.500000	4.091580e-003	4.738469e-005
407.500000	4.044935e-003	4.711382e-005
412.500000	4.015850e-003	4.694413e-005
417.500000	3.956584e-003	4.659644e-005
422.500000	3.886891e-003	4.618423e-005
427.500000	3.875367e-003	4.611572e-005
432.500000	3.815003e-003	4.575515e-005
437.500000	3.816649e-003	4.576502e-005
442.500000	3.779882e-003	4.554406e-005
447.500000	3.704702e-003	4.508885e-005
452.500000	3.664093e-003	4.484105e-005
457.500000	3.575193e-003	4.429374e-005
462.500000	3.587815e-003	4.437186e-005
467.500000	3.519768e-003	4.394906e-005
472.500000	3.536231e-003	4.405172e-005
477.500000	3.461051e-003	4.358094e-005
482.500000	3.451722e-003	4.352216e-005
487.500000	3.357334e-003	4.292298e-005
492.500000	3.374346e-003	4.303159e-005
497.500000	3.356237e-003	4.291596e-005
502.500000	3.145512e-003	4.154686e-005
507.500000	3.161975e-003	4.165544e-005
512.500000	3.099964e-003	4.124496e-005
517.500000	3.059905e-003	4.097760e-005
522.500000	3.071429e-003	4.105469e-005
527.500000	3.030820e-003	4.078239e-005
532.500000	2.957835e-003	4.028835e-005
537.500000	2.901861e-003	3.990533e-005
542.500000	2.820095e-003	3.933910e-005
547.500000	2.771804e-003	3.900083e-005
552.500000	2.657661e-003	3.818936e-005
557.500000	2.656015e-003	3.817753e-005
562.500000	2.484801e-003	3.692652e-005
567.500000	2.420595e-003	3.644632e-005
572.500000	2.258710e-003	3.520650e-005
577.500000	2.139628e-003	3.426587e-005
582.500000	1.988719e-003	3.303537e-005
587.500000	1.831772e-003	3.170504e-005
592.500000	1.573853e-003	2.938832e-005
597.500000	1.390566e-003	2.762412e-005
602.500000	1.253924e-003	2.623181e-005
607.500000	1.053077e-003	2.403934e-005
612.500000	9.158861e-004	2.241885e-005
617.500000	7.232701e-004	1.992245e-005
622.500000	6.426019e-004	1.877862e-005
627.500000	5.004722e-004	1.657229e-005
632.500000	4.055361e-004	1.491789e-005
637.500000	3.007223e-004	1.284622e-005
642.500000	2.129202e-004	1.080939e-005
647.500000	1.646290e-004	9.504861e-006
652.500000	1.245693e-004	8.267954e-006
657.500000	7.957069e-005	6.607986e-006
662.500000	6.530284e-005	5.986302e-006
667.500000	4.115725e-005	4.752430e-006
672.500000	2.798693e-005	3.918954e-006
677.500000	1.810919e-005	3.152406e-006
682.500000	1.317032e-005	2.688381e-006
687.500000	4.938871e-006	1.646290e-006
692.500000	7.133924e-006	1.978595e-006
697.500000	2.195054e-006	1.097527e-006
702.500000	0.000000e+000	0.000000e+000
707.500000	1.646290e-006	9.504861e-007
712.500000	1.097527e-006	7.760686e-007
717.500000	0.000000e+000	0.000000e+000
722.500000	0.000000e+000	0.000000e+000
727.500000	0.000000e+000	0.000000e+000
732.500000	0.000000e+000	0.000000e+000
737.500000	0.000000e+000	0.000000e+000
742.500000	0.000000e+000	0.000000e+000
747.500000	5.487634e-007	5.487634e-007
752.500000	0.000000e+000	0.000000e+000
757.500000	0.000000e+000	0.000000e+000
762.500000	5.487634e-007	5.487634e-007
767.500000	0.000000e+000	0.000000e+000
772.500000	0.000000e+000	0.000000e+000
777.500000	0.000000e+000	0.000000e+000
782.500000	0.000000e+000	0.000000e+000
787.500000	0.000000e+000	0.000000e+000
792.500000	0.000000e+000	0.000000e+000
797.500000	0.000000e+000	0.000000e+000
802.500000	0.000000e+000	0.000000e+000
807.500000	0.000000e+000	0.000000e+000
812.500000	0.000000e+000	0.000000e+000
817.500000	0.000000e+000	0.000000e+000
822.500000	0.000000e+000	0.000000e+000
827.500000	0.000000e+000	0.000000e+000
832.500000	0.000000e+000	0.000000e+000
837.500000	0.000000e+000	0.000000e+000
842.500000	0.000000e+000	0.000000e+000
847.500000	0.000000e+000	0.000000e+000
852.500000	0.000000e+000	0.000000e+000
857.500000	0.000000e+000	0.000000e+000
862.500000	0.000000e+000	0.000000e+000
867.500000	0.000000e+000	0.000000e+000
872.500000	0.000000e+000	0.000000e+000
877.500000	0.000000e+000	0.000000e+000
882.500000	0.000000e+000	0.000000e+000
887.500000	0.000000e+000	0.000000e+000
892.500000	0.000000e+000	0.000000e+000
897.500000	0.000000e+000	0.000000e+000
902.500000	0.000000e+000	0.000000e+000
907.500000	0.000000e+000	0.000000e+000
912.500000	0.000000e+000	0.000000e+000
917.500000	0.000000e+000	0.000000e+000
922.500000	0.000000e+000	0.000000e+000
927.500000	0.000000e+000	0.000000e+000
932.500000	0.000000e+000	0.000000e+000
937.500000	0.000000e+000	0.000000e+000
942.500000	0.000000e+000	0.000000e+000
947.500000	0.000000e+000	0.000000e+000
952.500000	0.000000e+000	0.000000e+000
957.500000	0.000000e+000	0.000000e+000
962.500000	0.000000e+000	0.000000e+000
967.500000	0.000000e+000	0.000000e+000
972.500000	0.000000e+000	0.000000e+000
977.500000	0.000000e+000	0.000000e+000
982.500000	0.000000e+000	0.000000e+000
987.500000	0.000000e+000	0.000000e+000
992.500000	0.000000e+000	0.000000e+000
997.500000	0.000000e+000	0.000000e+000
62.4 GeV data:
0.500000	8.300010e-003	3.612355e-005
1.500000	1.764065e-002	5.266334e-005
2.500000	2.092336e-002	5.735441e-005
3.500000	2.027153e-002	5.645396e-005
4.500000	1.903690e-002	5.470780e-005
5.500000	1.748500e-002	5.243049e-005
6.500000	1.622584e-002	5.050737e-005
7.500000	1.504702e-002	4.863807e-005
8.500000	1.394335e-002	4.682035e-005
9.500000	1.303117e-002	4.526295e-005
10.500000	1.219383e-002	4.378458e-005
11.500000	1.141890e-002	4.237047e-005
12.500000	1.079805e-002	4.120251e-005
13.500000	1.016367e-002	3.997389e-005
14.500000	9.675038e-003	3.900116e-005
15.500000	9.207944e-003	3.804805e-005
16.500000	8.810025e-003	3.721686e-005
17.500000	8.416194e-003	3.637550e-005
18.500000	8.104745e-003	3.569610e-005
19.500000	7.721133e-003	3.484108e-005
20.500000	7.513134e-003	3.436859e-005
21.500000	7.193195e-003	3.362885e-005
22.500000	6.930955e-003	3.301016e-005
23.500000	6.751255e-003	3.257942e-005
24.500000	6.566838e-003	3.213137e-005
25.500000	6.370630e-003	3.164771e-005
26.500000	6.189673e-003	3.119500e-005
27.500000	6.026323e-003	3.078062e-005
28.500000	5.899291e-003	3.045447e-005
29.500000	5.715346e-003	2.997591e-005
30.500000	5.610953e-003	2.970089e-005
31.500000	5.496341e-003	2.939598e-005
32.500000	5.373868e-003	2.906663e-005
33.500000	5.239133e-003	2.869993e-005
34.500000	5.167598e-003	2.850332e-005
35.500000	5.073896e-003	2.824372e-005
36.500000	4.924068e-003	2.782359e-005
37.500000	4.837126e-003	2.757686e-005
38.500000	4.752543e-003	2.733469e-005
39.500000	4.709780e-003	2.721143e-005
40.500000	4.633057e-003	2.698889e-005
41.500000	4.526935e-003	2.667800e-005
42.500000	4.463262e-003	2.648972e-005
43.500000	4.378836e-003	2.623798e-005
44.500000	4.301327e-003	2.600473e-005
45.500000	4.227906e-003	2.578183e-005
46.500000	4.170050e-003	2.560482e-005
47.500000	4.117539e-003	2.544310e-005
48.500000	4.037830e-003	2.519562e-005
49.500000	4.038773e-003	2.519857e-005
50.500000	3.942084e-003	2.489511e-005
51.500000	3.856400e-003	2.462307e-005
52.500000	3.826214e-003	2.452651e-005
53.500000	3.804833e-003	2.445789e-005
54.500000	3.727953e-003	2.420953e-005
55.500000	3.676700e-003	2.404253e-005
56.500000	3.661135e-003	2.399159e-005
57.500000	3.624189e-003	2.387023e-005
58.500000	3.572307e-003	2.369876e-005
59.500000	3.472788e-003	2.336632e-005
60.500000	3.480178e-003	2.339116e-005
61.500000	3.421535e-003	2.319325e-005
62.500000	3.447005e-003	2.327941e-005
63.500000	3.402826e-003	2.312975e-005
64.500000	3.314470e-003	2.282749e-005
65.500000	3.313055e-003	2.282262e-005
66.500000	3.238062e-003	2.256284e-005
67.500000	3.253469e-003	2.261645e-005
68.500000	3.201430e-003	2.243485e-005
69.500000	3.158824e-003	2.228506e-005
70.500000	3.151592e-003	2.225954e-005
71.500000	3.089176e-003	2.203802e-005
72.500000	3.050029e-003	2.189793e-005
73.500000	3.052073e-003	2.190527e-005
74.500000	3.031635e-003	2.183180e-005
75.500000	2.983211e-003	2.165674e-005
76.500000	2.982897e-003	2.165560e-005
77.500000	2.942806e-003	2.150958e-005
78.500000	2.958528e-003	2.156696e-005
79.500000	2.856022e-003	2.119005e-005
80.500000	2.879290e-003	2.127619e-005
81.500000	2.833226e-003	2.110531e-005
82.500000	2.797223e-003	2.097078e-005
83.500000	2.759962e-003	2.083064e-005
84.500000	2.746756e-003	2.078075e-005
85.500000	2.756189e-003	2.081640e-005
86.500000	2.692044e-003	2.057274e-005
87.500000	2.700062e-003	2.060336e-005
88.500000	2.674121e-003	2.050414e-005
89.500000	2.659185e-003	2.044680e-005
90.500000	2.655726e-003	2.043350e-005
91.500000	2.600543e-003	2.022009e-005
92.500000	2.551176e-003	2.002725e-005
93.500000	2.571615e-003	2.010732e-005
94.500000	2.514859e-003	1.988419e-005
95.500000	2.548504e-003	2.001676e-005
96.500000	2.509514e-003	1.986305e-005
97.500000	2.526493e-003	1.993013e-005
98.500000	2.480900e-003	1.974948e-005
99.500000	2.444111e-003	1.960251e-005
100.500000	2.400404e-003	1.942644e-005
101.500000	2.377922e-003	1.933526e-005
102.500000	2.387512e-003	1.937421e-005
103.500000	2.403077e-003	1.943726e-005
104.500000	2.391757e-003	1.939142e-005
105.500000	2.375878e-003	1.932695e-005
106.500000	2.330285e-003	1.914061e-005
107.500000	2.334530e-003	1.915803e-005
108.500000	2.301514e-003	1.902208e-005
109.500000	2.297112e-003	1.900388e-005
110.500000	2.268656e-003	1.888580e-005
111.500000	2.280604e-003	1.893547e-005
112.500000	2.237212e-003	1.875447e-005
113.500000	2.240828e-003	1.876962e-005
114.500000	2.240671e-003	1.876896e-005
115.500000	2.224792e-003	1.870233e-005
116.500000	2.214887e-003	1.866066e-005
117.500000	2.185802e-003	1.853773e-005
118.500000	2.173539e-003	1.848565e-005
119.500000	2.138479e-003	1.833596e-005
120.500000	2.131562e-003	1.830628e-005
121.500000	2.128260e-003	1.829210e-005
122.500000	2.136750e-003	1.832854e-005
123.500000	2.085025e-003	1.810534e-005
124.500000	2.087855e-003	1.811763e-005
125.500000	2.041318e-003	1.791458e-005
126.500000	2.073391e-003	1.805476e-005
127.500000	2.048393e-003	1.794559e-005
128.500000	2.035187e-003	1.788765e-005
129.500000	2.022138e-003	1.783021e-005
130.500000	2.006102e-003	1.775937e-005
131.500000	2.020723e-003	1.782397e-005
132.500000	2.022295e-003	1.783091e-005
133.500000	1.988179e-003	1.767986e-005
134.500000	1.983619e-003	1.765958e-005
135.500000	1.982676e-003	1.765538e-005
136.500000	1.968684e-003	1.759297e-005
137.500000	1.927178e-003	1.740652e-005
138.500000	1.957836e-003	1.754443e-005
139.500000	1.902181e-003	1.729326e-005
140.500000	1.895420e-003	1.726251e-005
141.500000	1.887402e-003	1.722596e-005
142.500000	1.903124e-003	1.729755e-005
143.500000	1.863662e-003	1.711728e-005
144.500000	1.880956e-003	1.719652e-005
145.500000	1.853600e-003	1.707101e-005
146.500000	1.857216e-003	1.708765e-005
147.500000	1.855801e-003	1.708114e-005
148.500000	1.839451e-003	1.700573e-005
149.500000	1.835363e-003	1.698682e-005
150.500000	1.842438e-003	1.701953e-005
151.500000	1.814453e-003	1.688978e-005
152.500000	1.786468e-003	1.675903e-005
153.500000	1.795430e-003	1.680101e-005
154.500000	1.801247e-003	1.682820e-005
155.500000	1.742919e-003	1.655349e-005
156.500000	1.779236e-003	1.672507e-005
157.500000	1.760527e-003	1.663690e-005
158.500000	1.769489e-003	1.667919e-005
159.500000	1.746535e-003	1.657066e-005
160.500000	1.740089e-003	1.654005e-005
161.500000	1.723266e-003	1.645991e-005
162.500000	1.740718e-003	1.654304e-005
163.500000	1.707230e-003	1.638314e-005
164.500000	1.742761e-003	1.655275e-005
165.500000	1.697011e-003	1.633403e-005
166.500000	1.687264e-003	1.628706e-005
167.500000	1.709274e-003	1.639294e-005
168.500000	1.660694e-003	1.615831e-005
169.500000	1.671542e-003	1.621100e-005
170.500000	1.640884e-003	1.606165e-005
171.500000	1.644029e-003	1.607703e-005
172.500000	1.627835e-003	1.599766e-005
173.500000	1.627992e-003	1.599843e-005
174.500000	1.661165e-003	1.616060e-005
175.500000	1.642456e-003	1.606934e-005
176.500000	1.641041e-003	1.606242e-005
177.500000	1.606139e-003	1.589069e-005
178.500000	1.593562e-003	1.582835e-005
179.500000	1.583814e-003	1.577986e-005
180.500000	1.585858e-003	1.579004e-005
181.500000	1.575482e-003	1.573830e-005
182.500000	1.592618e-003	1.582366e-005
183.500000	1.571394e-003	1.571787e-005
184.500000	1.547025e-003	1.559552e-005
185.500000	1.562275e-003	1.567220e-005
186.500000	1.531303e-003	1.551607e-005
187.500000	1.537906e-003	1.554949e-005
188.500000	1.557716e-003	1.564931e-005
189.500000	1.539950e-003	1.555982e-005
190.500000	1.562747e-003	1.567456e-005
191.500000	1.528002e-003	1.549933e-005
192.500000	1.494671e-003	1.532936e-005
193.500000	1.485081e-003	1.528010e-005
194.500000	1.509764e-003	1.540656e-005
195.500000	1.476120e-003	1.523393e-005
196.500000	1.479579e-003	1.525177e-005
197.500000	1.500174e-003	1.535755e-005
198.500000	1.449550e-003	1.509620e-005
199.500000	1.480522e-003	1.525663e-005
200.500000	1.480365e-003	1.525582e-005
201.500000	1.455839e-003	1.512891e-005
202.500000	1.454738e-003	1.512319e-005
203.500000	1.413704e-003	1.490838e-005
204.500000	1.466372e-003	1.518355e-005
205.500000	1.449393e-003	1.509538e-005
206.500000	1.418735e-003	1.493488e-005
207.500000	1.404586e-003	1.486022e-005
208.500000	1.421565e-003	1.494977e-005
209.500000	1.390593e-003	1.478602e-005
210.500000	1.427697e-003	1.498198e-005
211.500000	1.395939e-003	1.481441e-005
212.500000	1.404586e-003	1.486022e-005
213.500000	1.405843e-003	1.486687e-005
214.500000	1.395939e-003	1.481441e-005
215.500000	1.382889e-003	1.474500e-005
216.500000	1.388235e-003	1.477347e-005
217.500000	1.369683e-003	1.467443e-005
218.500000	1.360093e-003	1.462296e-005
219.500000	1.362294e-003	1.463479e-005
220.500000	1.364023e-003	1.464408e-005
221.500000	1.345629e-003	1.454500e-005
222.500000	1.329435e-003	1.445722e-005
223.500000	1.333523e-003	1.447943e-005
224.500000	1.337139e-003	1.449905e-005
225.500000	1.315129e-003	1.437922e-005
226.500000	1.311041e-003	1.435685e-005
227.500000	1.320474e-003	1.440841e-005
228.500000	1.338397e-003	1.450586e-005
229.500000	1.310884e-003	1.435599e-005
230.500000	1.307897e-003	1.433963e-005
231.500000	1.290445e-003	1.424364e-005
232.500000	1.300507e-003	1.429906e-005
233.500000	1.299250e-003	1.429214e-005
234.500000	1.276767e-003	1.416795e-005
235.500000	1.317644e-003	1.439296e-005
236.500000	1.283056e-003	1.420280e-005
237.500000	1.255700e-003	1.405058e-005
238.500000	1.267649e-003	1.411727e-005
239.500000	1.268906e-003	1.412427e-005
240.500000	1.258844e-003	1.406816e-005
241.500000	1.248783e-003	1.401182e-005
242.500000	1.265133e-003	1.410325e-005
243.500000	1.240764e-003	1.396676e-005
244.500000	1.240293e-003	1.396411e-005
245.500000	1.240293e-003	1.396411e-005
246.500000	1.261046e-003	1.408045e-005
247.500000	1.220955e-003	1.385482e-005
248.500000	1.214037e-003	1.381552e-005
249.500000	1.246581e-003	1.399947e-005
250.500000	1.199416e-003	1.373207e-005
251.500000	1.216396e-003	1.382893e-005
252.500000	1.225671e-003	1.388156e-005
253.500000	1.203189e-003	1.375365e-005
254.500000	1.200988e-003	1.374107e-005
255.500000	1.183852e-003	1.364268e-005
256.500000	1.205862e-003	1.376892e-005
257.500000	1.191555e-003	1.368700e-005
258.500000	1.188568e-003	1.366983e-005
259.500000	1.170016e-003	1.356273e-005
260.500000	1.167501e-003	1.354814e-005
261.500000	1.170645e-003	1.356637e-005
262.500000	1.169859e-003	1.356182e-005
263.500000	1.173632e-003	1.358367e-005
264.500000	1.170016e-003	1.356273e-005
265.500000	1.167658e-003	1.354905e-005
266.500000	1.150050e-003	1.344651e-005
267.500000	1.145176e-003	1.341798e-005
268.500000	1.142346e-003	1.340139e-005
269.500000	1.158225e-003	1.349421e-005
270.500000	1.134957e-003	1.335798e-005
271.500000	1.117348e-003	1.325395e-005
272.500000	1.137315e-003	1.337185e-005
273.500000	1.126467e-003	1.330793e-005
274.500000	1.113261e-003	1.322969e-005
275.500000	1.094394e-003	1.311711e-005
276.500000	1.132284e-003	1.334224e-005
277.500000	1.103828e-003	1.317352e-005
278.500000	1.086691e-003	1.307086e-005
279.500000	1.087320e-003	1.307464e-005
280.500000	1.105085e-003	1.318102e-005
281.500000	1.096596e-003	1.313029e-005
282.500000	1.074428e-003	1.299690e-005
283.500000	1.096910e-003	1.313217e-005
284.500000	1.079144e-003	1.302539e-005
285.500000	1.062636e-003	1.292538e-005
286.500000	1.052574e-003	1.286404e-005
287.500000	1.080874e-003	1.303583e-005
288.500000	1.060593e-003	1.291295e-005
289.500000	1.058392e-003	1.289954e-005
290.500000	1.060435e-003	1.291199e-005
291.500000	1.052103e-003	1.286116e-005
292.500000	1.052260e-003	1.286212e-005
293.500000	1.042827e-003	1.280434e-005
294.500000	1.035752e-003	1.276083e-005
295.500000	1.036224e-003	1.276374e-005
296.500000	1.017358e-003	1.264701e-005
297.500000	1.027420e-003	1.270940e-005
298.500000	1.025376e-003	1.269675e-005
299.500000	1.037639e-003	1.277245e-005
300.500000	1.031350e-003	1.273369e-005
301.500000	1.014999e-003	1.263235e-005
302.500000	9.950327e-004	1.250748e-005
303.500000	1.000535e-003	1.254202e-005
304.500000	1.024118e-003	1.268896e-005
305.500000	1.021131e-003	1.267044e-005
306.500000	1.001950e-003	1.255088e-005
307.500000	9.867001e-004	1.245500e-005
308.500000	9.920456e-004	1.248869e-005
309.500000	9.885868e-004	1.246690e-005
310.500000	9.785248e-004	1.240329e-005
311.500000	9.838702e-004	1.243713e-005
312.500000	9.712928e-004	1.235737e-005
313.500000	9.550993e-004	1.225393e-005
314.500000	9.802542e-004	1.241425e-005
315.500000	9.857568e-004	1.244904e-005
316.500000	9.727077e-004	1.236637e-005
317.500000	9.687773e-004	1.234136e-005
318.500000	9.639035e-004	1.231028e-005
319.500000	9.668907e-004	1.232934e-005
320.500000	9.522694e-004	1.223576e-005
321.500000	9.536844e-004	1.224485e-005
322.500000	9.538416e-004	1.224586e-005
323.500000	9.264857e-004	1.206898e-005
324.500000	9.293156e-004	1.208740e-005
325.500000	9.417358e-004	1.216790e-005
326.500000	9.308878e-004	1.209762e-005
327.500000	9.223980e-004	1.204232e-005
328.500000	9.236557e-004	1.205053e-005
329.500000	9.165809e-004	1.200429e-005
330.500000	9.049468e-004	1.192786e-005
331.500000	9.164237e-004	1.200326e-005
332.500000	9.113927e-004	1.197027e-005
333.500000	9.219263e-004	1.203924e-005
334.500000	9.192536e-004	1.202178e-005
335.500000	8.985008e-004	1.188531e-005
336.500000	9.069906e-004	1.194133e-005
337.500000	9.073051e-004	1.194339e-005
338.500000	9.027457e-004	1.191335e-005
339.500000	8.890678e-004	1.182275e-005
340.500000	8.678433e-004	1.168078e-005
341.500000	8.898539e-004	1.182798e-005
342.500000	8.931554e-004	1.184990e-005
343.500000	8.830935e-004	1.178296e-005
344.500000	8.735032e-004	1.171881e-005
345.500000	8.507066e-004	1.156488e-005
346.500000	8.613974e-004	1.163732e-005
347.500000	8.681578e-004	1.168289e-005
348.500000	8.527504e-004	1.157876e-005
349.500000	8.601397e-004	1.162882e-005
350.500000	8.659567e-004	1.166808e-005
351.500000	8.510210e-004	1.156701e-005
352.500000	8.524360e-004	1.157663e-005
353.500000	8.341987e-004	1.145212e-005
354.500000	8.609257e-004	1.163413e-005
355.500000	8.384436e-004	1.148122e-005
356.500000	8.296394e-004	1.142078e-005
357.500000	8.082577e-004	1.127265e-005
358.500000	8.359281e-004	1.146398e-005
359.500000	8.128170e-004	1.130440e-005
360.500000	8.208352e-004	1.136002e-005
361.500000	8.340415e-004	1.145104e-005
362.500000	8.209924e-004	1.136111e-005
363.500000	8.359281e-004	1.146398e-005
364.500000	8.356136e-004	1.146183e-005
365.500000	8.242940e-004	1.138393e-005
366.500000	8.112449e-004	1.129346e-005
367.500000	7.871905e-004	1.112477e-005
368.500000	7.944225e-004	1.117576e-005
369.500000	8.176908e-004	1.133824e-005
370.500000	7.675383e-004	1.098503e-005
371.500000	7.978813e-004	1.120006e-005
372.500000	7.829456e-004	1.109473e-005
373.500000	7.766569e-004	1.105009e-005
374.500000	7.727265e-004	1.102209e-005
375.500000	7.785435e-004	1.106350e-005
376.500000	7.895488e-004	1.114142e-005
377.500000	7.524453e-004	1.087649e-005
378.500000	7.816879e-004	1.108582e-005
379.500000	7.595201e-004	1.092750e-005
380.500000	7.568474e-004	1.090826e-005
381.500000	7.428550e-004	1.080695e-005
382.500000	7.585768e-004	1.092071e-005
383.500000	7.617212e-004	1.094332e-005
384.500000	7.434839e-004	1.081152e-005
385.500000	7.522881e-004	1.087535e-005
386.500000	7.354658e-004	1.075307e-005
387.500000	7.148702e-004	1.060144e-005
388.500000	7.356230e-004	1.075422e-005
389.500000	7.214734e-004	1.065029e-005
390.500000	7.120403e-004	1.058043e-005
391.500000	7.351513e-004	1.075077e-005
392.500000	7.029217e-004	1.051247e-005
393.500000	7.290198e-004	1.070584e-005
394.500000	7.175429e-004	1.062124e-005
395.500000	7.098393e-004	1.056407e-005
396.500000	6.919164e-004	1.042985e-005
397.500000	7.216306e-004	1.065145e-005
398.500000	7.027644e-004	1.051129e-005
399.500000	6.947463e-004	1.045115e-005
400.500000	6.838983e-004	1.036924e-005
401.500000	6.930169e-004	1.043814e-005
402.500000	6.849988e-004	1.037758e-005
403.500000	7.060660e-004	1.053595e-005
404.500000	6.568568e-004	1.016217e-005
405.500000	6.662899e-004	1.023488e-005
406.500000	6.680193e-004	1.024815e-005
407.500000	6.544985e-004	1.014391e-005
408.500000	6.758802e-004	1.030827e-005
409.500000	6.596867e-004	1.018404e-005
410.500000	6.287148e-004	9.942096e-006
411.500000	6.433360e-004	1.005704e-005
412.500000	6.287148e-004	9.942096e-006
413.500000	6.519830e-004	1.012440e-005
414.500000	6.257276e-004	9.918450e-006
415.500000	6.067042e-004	9.766516e-006
416.500000	6.052893e-004	9.755120e-006
417.500000	6.045032e-004	9.748784e-006
418.500000	5.990006e-004	9.704312e-006
419.500000	5.765184e-004	9.520455e-006
420.500000	5.829643e-004	9.573530e-006
421.500000	5.738457e-004	9.498361e-006
422.500000	5.894103e-004	9.626313e-006
423.500000	5.552940e-004	9.343565e-006
424.500000	5.573378e-004	9.360744e-006
425.500000	5.354845e-004	9.175391e-006
426.500000	5.306107e-004	9.133540e-006
427.500000	5.186622e-004	9.030118e-006
428.500000	5.045125e-004	8.906091e-006
429.500000	5.155178e-004	9.002704e-006
430.500000	5.214921e-004	9.054719e-006
431.500000	4.938217e-004	8.811224e-006
432.500000	4.870614e-004	8.750703e-006
433.500000	4.924068e-004	8.798591e-006
434.500000	4.799865e-004	8.686917e-006
435.500000	4.595482e-004	8.499956e-006
436.500000	4.546744e-004	8.454762e-006
437.500000	4.674091e-004	8.572346e-006
438.500000	4.299912e-004	8.222065e-006
439.500000	4.193004e-004	8.119210e-006
440.500000	4.170993e-004	8.097872e-006
441.500000	4.106534e-004	8.035055e-006
442.500000	3.974471e-004	7.904798e-006
443.500000	3.796815e-004	7.726109e-006
444.500000	3.831403e-004	7.761220e-006
445.500000	3.760654e-004	7.689230e-006
446.500000	3.471373e-004	7.387573e-006
447.500000	3.521683e-004	7.440914e-006
448.500000	3.414775e-004	7.327101e-006
449.500000	3.213536e-004	7.107923e-006
450.500000	3.180520e-004	7.071315e-006
451.500000	2.976137e-004	6.840338e-006
452.500000	2.859795e-004	6.705306e-006
453.500000	2.906961e-004	6.760374e-006
454.500000	2.795336e-004	6.629307e-006
455.500000	2.614535e-004	6.411334e-006
456.500000	2.440023e-004	6.193671e-006
457.500000	2.507627e-004	6.278886e-006
458.500000	2.336259e-004	6.060545e-006
459.500000	2.361414e-004	6.093085e-006
460.500000	2.191619e-004	5.869940e-006
461.500000	2.157031e-004	5.823436e-006
462.500000	1.933781e-004	5.513848e-006
463.500000	2.021823e-004	5.637970e-006
464.500000	1.789141e-004	5.303632e-006
465.500000	1.837878e-004	5.375384e-006
466.500000	1.688521e-004	5.152339e-006
467.500000	1.682233e-004	5.142735e-006
468.500000	1.581613e-004	4.986562e-006
469.500000	1.462127e-004	4.794505e-006
470.500000	1.488854e-004	4.838127e-006
471.500000	1.348930e-004	4.605172e-006
472.500000	1.267177e-004	4.463441e-006
473.500000	1.164985e-004	4.279681e-006
474.500000	1.081660e-004	4.123789e-006
475.500000	1.153980e-004	4.259418e-006
476.500000	1.056505e-004	4.075556e-006
477.500000	9.810403e-005	3.927304e-006
478.500000	9.543132e-005	3.873438e-006
479.500000	8.788486e-005	3.717134e-006
480.500000	7.577907e-005	3.451642e-006
481.500000	7.970952e-005	3.540024e-006
482.500000	7.342080e-005	3.397510e-006
483.500000	6.838983e-005	3.279041e-006
484.500000	5.990006e-005	3.068773e-006
485.500000	6.210111e-005	3.124646e-006
486.500000	5.769900e-005	3.011864e-006
487.500000	4.653653e-005	2.704881e-006
488.500000	5.361134e-005	2.903217e-006
489.500000	4.512156e-005	2.663442e-006
490.500000	4.244886e-005	2.583355e-006
491.500000	3.899006e-005	2.475871e-006
492.500000	3.584570e-005	2.373940e-006
493.500000	3.254413e-005	2.261973e-006
494.500000	2.814202e-005	2.103433e-006
495.500000	3.270134e-005	2.267430e-006
496.500000	3.050029e-005	2.189793e-006
497.500000	2.641262e-005	2.037778e-006
498.500000	2.311105e-005	1.906167e-006
499.500000	1.918060e-005	1.736530e-006
500.500000	1.729398e-005	1.648916e-006
501.500000	1.635067e-005	1.603315e-006
502.500000	1.650789e-005	1.611005e-006
503.500000	1.336353e-005	1.449478e-006
504.500000	1.383518e-005	1.474836e-006
505.500000	1.462127e-005	1.516155e-006
506.500000	1.179135e-005	1.361548e-006
507.500000	1.021917e-005	1.267532e-006
508.500000	8.804208e-006	1.176512e-006
509.500000	9.433080e-006	1.217805e-006
510.500000	9.747516e-006	1.237936e-006
511.500000	6.760374e-006	1.030947e-006
512.500000	6.288720e-006	9.943339e-007
513.500000	5.188194e-006	9.031486e-007
514.500000	5.659848e-006	9.433080e-007
515.500000	4.559322e-006	8.466448e-007
516.500000	4.244886e-006	8.169287e-007
517.500000	5.030976e-006	8.893593e-007
518.500000	5.030976e-006	8.893593e-007
519.500000	3.930450e-006	7.860900e-007
520.500000	3.773232e-006	7.702077e-007
521.500000	2.515488e-006	6.288720e-007
522.500000	2.515488e-006	6.288720e-007
523.500000	2.358270e-006	6.089027e-007
524.500000	2.201052e-006	5.882559e-007
525.500000	2.043834e-006	5.668575e-007
526.500000	4.716540e-007	2.723096e-007
527.500000	1.100526e-006	4.159597e-007
528.500000	1.257744e-006	4.446796e-007
529.500000	1.100526e-006	4.159597e-007
530.500000	1.257744e-006	4.446796e-007
531.500000	1.100526e-006	4.159597e-007
532.500000	7.860900e-007	3.515501e-007
533.500000	9.433080e-007	3.851039e-007
534.500000	6.288720e-007	3.144360e-007
535.500000	3.144360e-007	2.223398e-007
536.500000	4.716540e-007	2.723096e-007
537.500000	4.716540e-007	2.723096e-007
538.500000	7.860900e-007	3.515501e-007
539.500000	4.716540e-007	2.723096e-007
540.500000	1.572180e-007	1.572180e-007
541.500000	1.572180e-007	1.572180e-007
542.500000	3.144360e-007	2.223398e-007
543.500000	1.572180e-007	1.572180e-007
544.500000	1.572180e-007	1.572180e-007
545.500000	3.144360e-007	2.223398e-007
546.500000	0.000000e+000	0.000000e+000
547.500000	1.572180e-007	1.572180e-007
548.500000	1.572180e-007	1.572180e-007
549.500000	3.144360e-007	2.223398e-007
550.500000	0.000000e+000	0.000000e+000
551.500000	3.144360e-007	2.223398e-007
552.500000	1.572180e-007	1.572180e-007
553.500000	0.000000e+000	0.000000e+000
554.500000	1.572180e-007	1.572180e-007
555.500000	0.000000e+000	0.000000e+000
556.500000	0.000000e+000	0.000000e+000
557.500000	0.000000e+000	0.000000e+000
558.500000	0.000000e+000	0.000000e+000
559.500000	1.572180e-007	1.572180e-007
560.500000	0.000000e+000	0.000000e+000
561.500000	0.000000e+000	0.000000e+000
562.500000	0.000000e+000	0.000000e+000
563.500000	1.572180e-007	1.572180e-007
564.500000	0.000000e+000	0.000000e+000
565.500000	0.000000e+000	0.000000e+000
566.500000	1.572180e-007	1.572180e-007
567.500000	0.000000e+000	0.000000e+000
568.500000	1.572180e-007	1.572180e-007
569.500000	0.000000e+000	0.000000e+000
570.500000	0.000000e+000	0.000000e+000
571.500000	0.000000e+000	0.000000e+000
572.500000	0.000000e+000	0.000000e+000
573.500000	1.572180e-007	1.572180e-007
574.500000	0.000000e+000	0.000000e+000
575.500000	1.572180e-007	1.572180e-007
576.500000	1.572180e-007	1.572180e-007
577.500000	0.000000e+000	0.000000e+000
578.500000	0.000000e+000	0.000000e+000
579.500000	0.000000e+000	0.000000e+000
580.500000	1.572180e-007	1.572180e-007
581.500000	1.572180e-007	1.572180e-007
582.500000	1.572180e-007	1.572180e-007
583.500000	0.000000e+000	0.000000e+000
584.500000	0.000000e+000	0.000000e+000
585.500000	0.000000e+000	0.000000e+000
586.500000	0.000000e+000	0.000000e+000
587.500000	0.000000e+000	0.000000e+000
588.500000	0.000000e+000	0.000000e+000
589.500000	0.000000e+000	0.000000e+000
590.500000	0.000000e+000	0.000000e+000
591.500000	0.000000e+000	0.000000e+000
592.500000	0.000000e+000	0.000000e+000
593.500000	0.000000e+000	0.000000e+000
594.500000	0.000000e+000	0.000000e+000
595.500000	0.000000e+000	0.000000e+000
596.500000	0.000000e+000	0.000000e+000
597.500000	0.000000e+000	0.000000e+000
598.500000	0.000000e+000	0.000000e+000
599.500000	0.000000e+000	0.000000e+000
600.500000	0.000000e+000	0.000000e+000
601.500000	0.000000e+000	0.000000e+000
602.500000	0.000000e+000	0.000000e+000
603.500000	0.000000e+000	0.000000e+000
604.500000	0.000000e+000	0.000000e+000
605.500000	0.000000e+000	0.000000e+000
606.500000	0.000000e+000	0.000000e+000
607.500000	1.572180e-007	1.572180e-007
608.500000	0.000000e+000	0.000000e+000
609.500000	0.000000e+000	0.000000e+000
610.500000	0.000000e+000	0.000000e+000
611.500000	0.000000e+000	0.000000e+000
612.500000	0.000000e+000	0.000000e+000
613.500000	0.000000e+000	0.000000e+000
614.500000	0.000000e+000	0.000000e+000
615.500000	0.000000e+000	0.000000e+000
616.500000	0.000000e+000	0.000000e+000
617.500000	0.000000e+000	0.000000e+000
618.500000	0.000000e+000	0.000000e+000
619.500000	0.000000e+000	0.000000e+000
620.500000	0.000000e+000	0.000000e+000
621.500000	0.000000e+000	0.000000e+000
622.500000	0.000000e+000	0.000000e+000
623.500000	0.000000e+000	0.000000e+000
624.500000	0.000000e+000	0.000000e+000
625.500000	0.000000e+000	0.000000e+000
626.500000	0.000000e+000	0.000000e+000
627.500000	0.000000e+000	0.000000e+000
628.500000	0.000000e+000	0.000000e+000
629.500000	0.000000e+000	0.000000e+000
630.500000	0.000000e+000	0.000000e+000
631.500000	0.000000e+000	0.000000e+000
632.500000	0.000000e+000	0.000000e+000
633.500000	0.000000e+000	0.000000e+000
634.500000	0.000000e+000	0.000000e+000
635.500000	0.000000e+000	0.000000e+000
636.500000	0.000000e+000	0.000000e+000
637.500000	0.000000e+000	0.000000e+000
638.500000	0.000000e+000	0.000000e+000
639.500000	0.000000e+000	0.000000e+000
640.500000	0.000000e+000	0.000000e+000
641.500000	0.000000e+000	0.000000e+000
642.500000	1.572180e-007	1.572180e-007
643.500000	0.000000e+000	0.000000e+000
644.500000	0.000000e+000	0.000000e+000
645.500000	0.000000e+000	0.000000e+000
646.500000	0.000000e+000	0.000000e+000
647.500000	0.000000e+000	0.000000e+000
648.500000	0.000000e+000	0.000000e+000
649.500000	0.000000e+000	0.000000e+000
650.500000	0.000000e+000	0.000000e+000
651.500000	0.000000e+000	0.000000e+000
652.500000	0.000000e+000	0.000000e+000
653.500000	0.000000e+000	0.000000e+000
654.500000	0.000000e+000	0.000000e+000
655.500000	0.000000e+000	0.000000e+000
656.500000	0.000000e+000	0.000000e+000
657.500000	0.000000e+000	0.000000e+000
658.500000	0.000000e+000	0.000000e+000
659.500000	0.000000e+000	0.000000e+000
660.500000	0.000000e+000	0.000000e+000
661.500000	0.000000e+000	0.000000e+000
662.500000	0.000000e+000	0.000000e+000
663.500000	0.000000e+000	0.000000e+000
664.500000	0.000000e+000	0.000000e+000
665.500000	0.000000e+000	0.000000e+000
666.500000	0.000000e+000	0.000000e+000
667.500000	0.000000e+000	0.000000e+000
668.500000	0.000000e+000	0.000000e+000
669.500000	0.000000e+000	0.000000e+000
670.500000	0.000000e+000	0.000000e+000
671.500000	0.000000e+000	0.000000e+000
672.500000	0.000000e+000	0.000000e+000
673.500000	0.000000e+000	0.000000e+000
674.500000	0.000000e+000	0.000000e+000
675.500000	0.000000e+000	0.000000e+000
676.500000	0.000000e+000	0.000000e+000
677.500000	0.000000e+000	0.000000e+000
678.500000	0.000000e+000	0.000000e+000
679.500000	0.000000e+000	0.000000e+000
680.500000	0.000000e+000	0.000000e+000
681.500000	0.000000e+000	0.000000e+000
682.500000	0.000000e+000	0.000000e+000
683.500000	0.000000e+000	0.000000e+000
684.500000	0.000000e+000	0.000000e+000
685.500000	0.000000e+000	0.000000e+000
686.500000	0.000000e+000	0.000000e+000
687.500000	0.000000e+000	0.000000e+000
688.500000	0.000000e+000	0.000000e+000
689.500000	0.000000e+000	0.000000e+000
690.500000	0.000000e+000	0.000000e+000
691.500000	0.000000e+000	0.000000e+000
692.500000	0.000000e+000	0.000000e+000
693.500000	0.000000e+000	0.000000e+000
694.500000	0.000000e+000	0.000000e+000
695.500000	0.000000e+000	0.000000e+000
696.500000	0.000000e+000	0.000000e+000
697.500000	0.000000e+000	0.000000e+000
698.500000	0.000000e+000	0.000000e+000
699.500000	0.000000e+000	0.000000e+000
700.500000	0.000000e+000	0.000000e+000
701.500000	0.000000e+000	0.000000e+000
702.500000	0.000000e+000	0.000000e+000
703.500000	0.000000e+000	0.000000e+000
704.500000	0.000000e+000	0.000000e+000
705.500000	0.000000e+000	0.000000e+000
706.500000	0.000000e+000	0.000000e+000
707.500000	0.000000e+000	0.000000e+000
708.500000	0.000000e+000	0.000000e+000
709.500000	0.000000e+000	0.000000e+000
710.500000	0.000000e+000	0.000000e+000
711.500000	0.000000e+000	0.000000e+000
712.500000	0.000000e+000	0.000000e+000
713.500000	0.000000e+000	0.000000e+000
714.500000	0.000000e+000	0.000000e+000
715.500000	0.000000e+000	0.000000e+000
716.500000	0.000000e+000	0.000000e+000
717.500000	0.000000e+000	0.000000e+000
718.500000	0.000000e+000	0.000000e+000
719.500000	0.000000e+000	0.000000e+000
720.500000	0.000000e+000	0.000000e+000
721.500000	0.000000e+000	0.000000e+000
722.500000	0.000000e+000	0.000000e+000
723.500000	0.000000e+000	0.000000e+000
724.500000	0.000000e+000	0.000000e+000
725.500000	0.000000e+000	0.000000e+000
726.500000	0.000000e+000	0.000000e+000
727.500000	0.000000e+000	0.000000e+000
728.500000	0.000000e+000	0.000000e+000
729.500000	0.000000e+000	0.000000e+000
730.500000	0.000000e+000	0.000000e+000
731.500000	0.000000e+000	0.000000e+000
732.500000	0.000000e+000	0.000000e+000
733.500000	0.000000e+000	0.000000e+000
734.500000	0.000000e+000	0.000000e+000
735.500000	0.000000e+000	0.000000e+000
736.500000	0.000000e+000	0.000000e+000
737.500000	0.000000e+000	0.000000e+000
738.500000	0.000000e+000	0.000000e+000
739.500000	0.000000e+000	0.000000e+000
740.500000	0.000000e+000	0.000000e+000
741.500000	0.000000e+000	0.000000e+000
742.500000	0.000000e+000	0.000000e+000
743.500000	0.000000e+000	0.000000e+000
744.500000	0.000000e+000	0.000000e+000
745.500000	0.000000e+000	0.000000e+000
746.500000	0.000000e+000	0.000000e+000
747.500000	0.000000e+000	0.000000e+000
748.500000	0.000000e+000	0.000000e+000
749.500000	0.000000e+000	0.000000e+000
750.500000	0.000000e+000	0.000000e+000
751.500000	0.000000e+000	0.000000e+000
752.500000	0.000000e+000	0.000000e+000
753.500000	0.000000e+000	0.000000e+000
754.500000	0.000000e+000	0.000000e+000
755.500000	0.000000e+000	0.000000e+000
756.500000	0.000000e+000	0.000000e+000
757.500000	0.000000e+000	0.000000e+000
758.500000	0.000000e+000	0.000000e+000
759.500000	0.000000e+000	0.000000e+000
760.500000	0.000000e+000	0.000000e+000
761.500000	0.000000e+000	0.000000e+000
762.500000	0.000000e+000	0.000000e+000
763.500000	0.000000e+000	0.000000e+000
764.500000	0.000000e+000	0.000000e+000
765.500000	0.000000e+000	0.000000e+000
766.500000	0.000000e+000	0.000000e+000
767.500000	0.000000e+000	0.000000e+000
768.500000	0.000000e+000	0.000000e+000
769.500000	0.000000e+000	0.000000e+000
770.500000	0.000000e+000	0.000000e+000
771.500000	0.000000e+000	0.000000e+000
772.500000	0.000000e+000	0.000000e+000
773.500000	0.000000e+000	0.000000e+000
774.500000	0.000000e+000	0.000000e+000
775.500000	0.000000e+000	0.000000e+000
776.500000	0.000000e+000	0.000000e+000
777.500000	0.000000e+000	0.000000e+000
778.500000	0.000000e+000	0.000000e+000
779.500000	0.000000e+000	0.000000e+000
780.500000	0.000000e+000	0.000000e+000
781.500000	0.000000e+000	0.000000e+000
782.500000	0.000000e+000	0.000000e+000
783.500000	0.000000e+000	0.000000e+000
784.500000	0.000000e+000	0.000000e+000
785.500000	0.000000e+000	0.000000e+000
786.500000	0.000000e+000	0.000000e+000
787.500000	0.000000e+000	0.000000e+000
788.500000	0.000000e+000	0.000000e+000
789.500000	0.000000e+000	0.000000e+000
790.500000	0.000000e+000	0.000000e+000
791.500000	0.000000e+000	0.000000e+000
792.500000	0.000000e+000	0.000000e+000
793.500000	0.000000e+000	0.000000e+000
794.500000	0.000000e+000	0.000000e+000
795.500000	0.000000e+000	0.000000e+000
796.500000	0.000000e+000	0.000000e+000
797.500000	0.000000e+000	0.000000e+000
798.500000	0.000000e+000	0.000000e+000
799.500000	0.000000e+000	0.000000e+000
