proton dca distribution:
dca[cm]	dN/d(dca)[cm^-1]	error
0.050000	0.000768	0.000029
0.150000	0.001797	0.000045
0.250000	0.002712	0.000055
0.350000	0.003372	0.000062
0.450000	0.003756	0.000065
0.550000	0.003991	0.000067
0.650000	0.003970	0.000067
0.750000	0.004021	0.000067
0.850000	0.003842	0.000066
0.950000	0.003626	0.000064
1.050000	0.003389	0.000062
1.150000	0.003274	0.000061
1.250000	0.003148	0.000060
1.350000	0.003065	0.000059
1.450000	0.003000	0.000058
1.550000	0.002886	0.000057
1.650000	0.002843	0.000057
1.750000	0.002920	0.000058
1.850000	0.002931	0.000058
1.950000	0.002941	0.000058
2.050000	0.003034	0.000059
2.150000	0.003095	0.000059
2.250000	0.003242	0.000061
2.350000	0.003202	0.000060
2.450000	0.003297	0.000061
2.550000	0.003333	0.000061
2.650000	0.003292	0.000061
2.750000	0.003329	0.000061
2.850000	0.003445	0.000062
2.950000	0.003514	0.000063
3.050000	0.003524	0.000063
3.150000	0.003591	0.000064
3.250000	0.003606	0.000064
3.350000	0.003587	0.000064
3.450000	0.003590	0.000064
3.550000	0.003565	0.000064
3.650000	0.003643	0.000064
3.750000	0.003568	0.000064
3.850000	0.003663	0.000064
3.950000	0.003356	0.000062
4.050000	0.002838	0.000057
4.150000	0.003126	0.000059
4.250000	0.003299	0.000061
4.350000	0.003434	0.000062
4.450000	0.003555	0.000063
4.550000	0.003468	0.000063
4.650000	0.003597	0.000064
4.750000	0.003575	0.000064
4.850000	0.003493	0.000063
4.950000	0.003669	0.000064
5.050000	0.003634	0.000064
5.150000	0.003605	0.000064
5.250000	0.003703	0.000065
5.350000	0.003585	0.000064
5.450000	0.003724	0.000065
5.550000	0.003590	0.000064
5.650000	0.003641	0.000064
5.750000	0.003632	0.000064
5.850000	0.003666	0.000064
5.950000	0.003676	0.000065
6.050000	0.003643	0.000064
6.150000	0.003758	0.000065
6.250000	0.003701	0.000065
6.350000	0.003618	0.000064
6.450000	0.003674	0.000065
6.550000	0.003598	0.000064
6.650000	0.003700	0.000065
6.750000	0.003698	0.000065
6.850000	0.003735	0.000065
6.950000	0.003785	0.000065
7.050000	0.003735	0.000065
7.150000	0.003771	0.000065
7.250000	0.003837	0.000066
7.350000	0.003899	0.000066
7.450000	0.003718	0.000065
7.550000	0.003672	0.000064
7.650000	0.003778	0.000065
7.750000	0.003703	0.000065
7.850000	0.003795	0.000066
7.950000	0.003701	0.000065
8.050000	0.003788	0.000066
8.150000	0.003612	0.000064
8.250000	0.003779	0.000065
8.350000	0.003705	0.000065
8.450000	0.003724	0.000065
8.550000	0.003784	0.000065
8.650000	0.003788	0.000066
8.750000	0.003826	0.000066
8.850000	0.003724	0.000065
8.950000	0.003683	0.000065
9.050000	0.003606	0.000064
9.150000	0.003788	0.000066
9.250000	0.003606	0.000064
9.350000	0.003563	0.000064
9.450000	0.003770	0.000065
9.550000	0.003617	0.000064
9.650000	0.003637	0.000064
9.750000	0.003706	0.000065
9.850000	0.003600	0.000064
9.950000	0.003706	0.000065
10.050000	0.003715	0.000065
10.150000	0.003659	0.000064
10.250000	0.003754	0.000065
10.350000	0.003725	0.000065
10.450000	0.003712	0.000065
10.550000	0.003776	0.000065
10.650000	0.003732	0.000065
10.750000	0.003658	0.000064
10.850000	0.003848	0.000066
10.950000	0.003709	0.000065
11.050000	0.003763	0.000065
11.150000	0.003706	0.000065
11.250000	0.003728	0.000065
11.350000	0.003622	0.000064
11.450000	0.003740	0.000065
11.550000	0.003840	0.000066
11.650000	0.003689	0.000065
11.750000	0.003690	0.000065
11.850000	0.003735	0.000065
11.950000	0.003643	0.000064
12.050000	0.003603	0.000064
12.150000	0.003691	0.000065
12.250000	0.003806	0.000066
12.350000	0.003709	0.000065
12.450000	0.003723	0.000065
12.550000	0.003600	0.000064
12.650000	0.003722	0.000065
12.750000	0.003746	0.000065
12.850000	0.003706	0.000065
12.950000	0.003631	0.000064
13.050000	0.003731	0.000065
13.150000	0.003699	0.000065
13.250000	0.003769	0.000065
13.350000	0.003554	0.000063
13.450000	0.003703	0.000065
13.550000	0.003719	0.000065
13.650000	0.003609	0.000064
13.750000	0.003706	0.000065
13.850000	0.003480	0.000063
13.950000	0.003663	0.000064
14.050000	0.003710	0.000065
14.150000	0.003596	0.000064
14.250000	0.003766	0.000065
14.350000	0.003763	0.000065
14.450000	0.003674	0.000065
14.550000	0.003736	0.000065
14.650000	0.003620	0.000064
14.750000	0.003680	0.000065
14.850000	0.003666	0.000064
14.950000	0.003729	0.000065
15.050000	0.003626	0.000064
15.150000	0.003589	0.000064
15.250000	0.003561	0.000064
15.350000	0.003586	0.000064
15.450000	0.003620	0.000064
15.550000	0.003645	0.000064
15.650000	0.003595	0.000064
15.750000	0.003632	0.000064
15.850000	0.003353	0.000062
15.950000	0.003588	0.000064
16.050000	0.003568	0.000064
16.150000	0.003494	0.000063
16.250000	0.003545	0.000063
16.350000	0.003569	0.000064
16.450000	0.003452	0.000063
16.550000	0.003463	0.000063
16.650000	0.003446	0.000062
16.750000	0.003543	0.000063
16.850000	0.003477	0.000063
16.950000	0.003484	0.000063
17.050000	0.003455	0.000063
17.150000	0.003370	0.000062
17.250000	0.003357	0.000062
17.350000	0.003478	0.000063
17.450000	0.003468	0.000063
17.550000	0.003288	0.000061
17.650000	0.003480	0.000063
17.750000	0.003430	0.000062
17.850000	0.003451	0.000063
17.950000	0.003336	0.000061
18.050000	0.003399	0.000062
18.150000	0.003347	0.000062
18.250000	0.003414	0.000062
18.350000	0.003266	0.000061
18.450000	0.003404	0.000062
18.550000	0.003201	0.000060
18.650000	0.003229	0.000060
18.750000	0.003252	0.000061
18.850000	0.003336	0.000061
18.950000	0.003318	0.000061
19.050000	0.003220	0.000060
19.150000	0.003160	0.000060
19.250000	0.003282	0.000061
19.350000	0.003267	0.000061
19.450000	0.003084	0.000059
19.550000	0.003291	0.000061
19.650000	0.003239	0.000061
19.750000	0.003288	0.000061
19.850000	0.003193	0.000060
19.950000	0.003138	0.000060
pbar dca distribution:
dca[cm]	dN/d(dca)[cm^-1]	error
0.050000	0.000356	0.000020
0.150000	0.000982	0.000033
0.250000	0.001563	0.000042
0.350000	0.001974	0.000047
0.450000	0.002278	0.000051
0.550000	0.002367	0.000052
0.650000	0.002367	0.000052
0.750000	0.002235	0.000050
0.850000	0.001977	0.000047
0.950000	0.001839	0.000046
1.050000	0.001623	0.000043
1.150000	0.001355	0.000039
1.250000	0.001142	0.000036
1.350000	0.001018	0.000034
1.450000	0.000832	0.000031
1.550000	0.000683	0.000028
1.650000	0.000638	0.000027
1.750000	0.000505	0.000024
1.850000	0.000444	0.000022
1.950000	0.000400	0.000021
2.050000	0.000357	0.000020
2.150000	0.000327	0.000019
2.250000	0.000282	0.000018
2.350000	0.000239	0.000016
2.450000	0.000229	0.000016
2.550000	0.000199	0.000015
2.650000	0.000196	0.000015
2.750000	0.000151	0.000013
2.850000	0.000154	0.000013
2.950000	0.000144	0.000013
3.050000	0.000113	0.000011
3.150000	0.000135	0.000012
3.250000	0.000120	0.000012
3.350000	0.000108	0.000011
3.450000	0.000099	0.000011
3.550000	0.000106	0.000011
3.650000	0.000097	0.000011
3.750000	0.000089	0.000010
3.850000	0.000084	0.000010
3.950000	0.000060	0.000008
4.050000	0.000048	0.000007
4.150000	0.000061	0.000008
4.250000	0.000076	0.000009
4.350000	0.000055	0.000008
4.450000	0.000061	0.000008
4.550000	0.000053	0.000008
4.650000	0.000065	0.000009
4.750000	0.000061	0.000008
4.850000	0.000065	0.000009
4.950000	0.000084	0.000010
5.050000	0.000057	0.000008
5.150000	0.000046	0.000007
5.250000	0.000063	0.000008
5.350000	0.000053	0.000008
5.450000	0.000048	0.000007
5.550000	0.000057	0.000008
5.650000	0.000060	0.000008
5.750000	0.000055	0.000008
5.850000	0.000059	0.000008
5.950000	0.000044	0.000007
6.050000	0.000040	0.000007
6.150000	0.000061	0.000008
6.250000	0.000049	0.000007
6.350000	0.000051	0.000008
6.450000	0.000044	0.000007
6.550000	0.000052	0.000008
6.650000	0.000045	0.000007
6.750000	0.000046	0.000007
6.850000	0.000040	0.000007
6.950000	0.000043	0.000007
7.050000	0.000048	0.000007
7.150000	0.000051	0.000008
7.250000	0.000040	0.000007
7.350000	0.000050	0.000008
7.450000	0.000051	0.000008
7.550000	0.000048	0.000007
7.650000	0.000040	0.000007
7.750000	0.000041	0.000007
7.850000	0.000041	0.000007
7.950000	0.000027	0.000006
8.050000	0.000049	0.000007
8.150000	0.000041	0.000007
8.250000	0.000037	0.000007
8.350000	0.000045	0.000007
8.450000	0.000044	0.000007
8.550000	0.000037	0.000007
8.650000	0.000031	0.000006
8.750000	0.000044	0.000007
8.850000	0.000039	0.000007
8.950000	0.000046	0.000007
9.050000	0.000050	0.000008
9.150000	0.000028	0.000006
9.250000	0.000037	0.000007
9.350000	0.000045	0.000007
9.450000	0.000058	0.000008
9.550000	0.000036	0.000006
9.650000	0.000052	0.000008
9.750000	0.000035	0.000006
9.850000	0.000057	0.000008
9.950000	0.000054	0.000008
10.050000	0.000049	0.000007
10.150000	0.000033	0.000006
10.250000	0.000048	0.000007
10.350000	0.000050	0.000008
10.450000	0.000045	0.000007
10.550000	0.000037	0.000007
10.650000	0.000046	0.000007
10.750000	0.000043	0.000007
10.850000	0.000041	0.000007
10.950000	0.000044	0.000007
11.050000	0.000043	0.000007
11.150000	0.000042	0.000007
11.250000	0.000040	0.000007
11.350000	0.000039	0.000007
11.450000	0.000050	0.000008
11.550000	0.000048	0.000007
11.650000	0.000049	0.000007
11.750000	0.000053	0.000008
11.850000	0.000048	0.000007
11.950000	0.000046	0.000007
12.050000	0.000050	0.000008
12.150000	0.000058	0.000008
12.250000	0.000044	0.000007
12.350000	0.000037	0.000007
12.450000	0.000044	0.000007
12.550000	0.000054	0.000008
12.650000	0.000051	0.000008
12.750000	0.000028	0.000006
12.850000	0.000045	0.000007
12.950000	0.000033	0.000006
13.050000	0.000043	0.000007
13.150000	0.000044	0.000007
13.250000	0.000043	0.000007
13.350000	0.000043	0.000007
13.450000	0.000039	0.000007
13.550000	0.000040	0.000007
13.650000	0.000044	0.000007
13.750000	0.000044	0.000007
13.850000	0.000041	0.000007
13.950000	0.000044	0.000007
14.050000	0.000039	0.000007
14.150000	0.000048	0.000007
14.250000	0.000050	0.000008
14.350000	0.000054	0.000008
14.450000	0.000048	0.000007
14.550000	0.000046	0.000007
14.650000	0.000058	0.000008
14.750000	0.000039	0.000007
14.850000	0.000050	0.000008
14.950000	0.000057	0.000008
15.050000	0.000049	0.000007
15.150000	0.000054	0.000008
15.250000	0.000067	0.000009
15.350000	0.000050	0.000008
15.450000	0.000050	0.000008
15.550000	0.000044	0.000007
15.650000	0.000053	0.000008
15.750000	0.000053	0.000008
15.850000	0.000052	0.000008
15.950000	0.000049	0.000007
16.050000	0.000045	0.000007
16.150000	0.000040	0.000007
16.250000	0.000050	0.000008
16.350000	0.000035	0.000006
16.450000	0.000059	0.000008
16.550000	0.000039	0.000007
16.650000	0.000048	0.000007
16.750000	0.000040	0.000007
16.850000	0.000058	0.000008
16.950000	0.000046	0.000007
17.050000	0.000050	0.000008
17.150000	0.000054	0.000008
17.250000	0.000072	0.000009
17.350000	0.000050	0.000008
17.450000	0.000049	0.000007
17.550000	0.000060	0.000008
17.650000	0.000050	0.000008
17.750000	0.000045	0.000007
17.850000	0.000052	0.000008
17.950000	0.000067	0.000009
18.050000	0.000062	0.000008
18.150000	0.000048	0.000007
18.250000	0.000053	0.000008
18.350000	0.000057	0.000008
18.450000	0.000051	0.000008
18.550000	0.000062	0.000008
18.650000	0.000048	0.000007
18.750000	0.000059	0.000008
18.850000	0.000053	0.000008
18.950000	0.000057	0.000008
19.050000	0.000050	0.000008
19.150000	0.000054	0.000008
19.250000	0.000045	0.000007
19.350000	0.000061	0.000008
19.450000	0.000034	0.000006
19.550000	0.000061	0.000008
19.650000	0.000050	0.000008
19.750000	0.000052	0.000008
19.850000	0.000058	0.000008
19.950000	0.000057	0.000008
pbar dca distribution scaled:
dca[cm]	dN/d(dca)[cm^-1]	error
0.050000	0.000597	0.000034
0.150000	0.001648	0.000056
0.250000	0.002624	0.000071
0.350000	0.003314	0.000079
0.450000	0.003824	0.000085
0.550000	0.003974	0.000087
0.650000	0.003974	0.000087
0.750000	0.003751	0.000084
0.850000	0.003320	0.000079
0.950000	0.003088	0.000077
1.050000	0.002725	0.000072
1.150000	0.002274	0.000066
1.250000	0.001917	0.000060
1.350000	0.001709	0.000057
1.450000	0.001397	0.000052
1.550000	0.001146	0.000047
1.650000	0.001070	0.000045
1.750000	0.000848	0.000040
1.850000	0.000745	0.000038
1.950000	0.000671	0.000036
2.050000	0.000599	0.000034
2.150000	0.000549	0.000032
2.250000	0.000473	0.000030
2.350000	0.000401	0.000028
2.450000	0.000384	0.000027
2.550000	0.000335	0.000025
2.650000	0.000329	0.000025
2.750000	0.000253	0.000022
2.850000	0.000259	0.000022
2.950000	0.000241	0.000021
3.050000	0.000190	0.000019
3.150000	0.000226	0.000021
3.250000	0.000202	0.000020
3.350000	0.000181	0.000019
3.450000	0.000165	0.000018
3.550000	0.000179	0.000018
3.650000	0.000164	0.000018
3.750000	0.000150	0.000017
3.850000	0.000141	0.000016
3.950000	0.000101	0.000014
4.050000	0.000080	0.000012
4.150000	0.000103	0.000014
4.250000	0.000127	0.000016
4.350000	0.000093	0.000013
4.450000	0.000103	0.000014
4.550000	0.000089	0.000013
4.650000	0.000108	0.000014
4.750000	0.000103	0.000014
4.850000	0.000108	0.000014
4.950000	0.000141	0.000016
5.050000	0.000095	0.000013
5.150000	0.000078	0.000012
5.250000	0.000106	0.000014
5.350000	0.000089	0.000013
5.450000	0.000080	0.000012
5.550000	0.000095	0.000013
5.650000	0.000101	0.000014
5.750000	0.000093	0.000013
5.850000	0.000099	0.000014
5.950000	0.000074	0.000012
6.050000	0.000067	0.000011
6.150000	0.000103	0.000014
6.250000	0.000082	0.000012
6.350000	0.000086	0.000013
6.450000	0.000074	0.000012
6.550000	0.000087	0.000013
6.650000	0.000076	0.000012
6.750000	0.000078	0.000012
6.850000	0.000067	0.000011
6.950000	0.000072	0.000012
7.050000	0.000080	0.000012
7.150000	0.000086	0.000013
7.250000	0.000067	0.000011
7.350000	0.000084	0.000013
7.450000	0.000086	0.000013
7.550000	0.000080	0.000012
7.650000	0.000067	0.000011
7.750000	0.000068	0.000011
7.850000	0.000068	0.000011
7.950000	0.000046	0.000009
8.050000	0.000082	0.000012
8.150000	0.000068	0.000011
8.250000	0.000063	0.000011
8.350000	0.000076	0.000012
8.450000	0.000074	0.000012
8.550000	0.000063	0.000011
8.650000	0.000051	0.000010
8.750000	0.000074	0.000012
8.850000	0.000065	0.000011
8.950000	0.000078	0.000012
9.050000	0.000084	0.000013
9.150000	0.000048	0.000010
9.250000	0.000063	0.000011
9.350000	0.000076	0.000012
9.450000	0.000097	0.000014
9.550000	0.000061	0.000011
9.650000	0.000087	0.000013
9.750000	0.000059	0.000011
9.850000	0.000095	0.000013
9.950000	0.000091	0.000013
10.050000	0.000082	0.000012
10.150000	0.000055	0.000010
10.250000	0.000080	0.000012
10.350000	0.000084	0.000013
10.450000	0.000076	0.000012
10.550000	0.000063	0.000011
10.650000	0.000078	0.000012
10.750000	0.000072	0.000012
10.850000	0.000068	0.000011
10.950000	0.000074	0.000012
11.050000	0.000072	0.000012
11.150000	0.000070	0.000012
11.250000	0.000067	0.000011
11.350000	0.000065	0.000011
11.450000	0.000084	0.000013
11.550000	0.000080	0.000012
11.650000	0.000082	0.000012
11.750000	0.000089	0.000013
11.850000	0.000080	0.000012
11.950000	0.000078	0.000012
12.050000	0.000084	0.000013
12.150000	0.000097	0.000014
12.250000	0.000074	0.000012
12.350000	0.000063	0.000011
12.450000	0.000074	0.000012
12.550000	0.000091	0.000013
12.650000	0.000086	0.000013
12.750000	0.000048	0.000010
12.850000	0.000076	0.000012
12.950000	0.000055	0.000010
13.050000	0.000072	0.000012
13.150000	0.000074	0.000012
13.250000	0.000072	0.000012
13.350000	0.000072	0.000012
13.450000	0.000065	0.000011
13.550000	0.000067	0.000011
13.650000	0.000074	0.000012
13.750000	0.000074	0.000012
13.850000	0.000068	0.000011
13.950000	0.000074	0.000012
14.050000	0.000065	0.000011
14.150000	0.000080	0.000012
14.250000	0.000084	0.000013
14.350000	0.000091	0.000013
14.450000	0.000080	0.000012
14.550000	0.000078	0.000012
14.650000	0.000097	0.000014
14.750000	0.000065	0.000011
14.850000	0.000084	0.000013
14.950000	0.000095	0.000013
15.050000	0.000082	0.000012
15.150000	0.000091	0.000013
15.250000	0.000112	0.000015
15.350000	0.000084	0.000013
15.450000	0.000084	0.000013
15.550000	0.000074	0.000012
15.650000	0.000089	0.000013
15.750000	0.000089	0.000013
15.850000	0.000087	0.000013
15.950000	0.000082	0.000012
16.050000	0.000076	0.000012
16.150000	0.000067	0.000011
16.250000	0.000084	0.000013
16.350000	0.000059	0.000011
16.450000	0.000099	0.000014
16.550000	0.000065	0.000011
16.650000	0.000080	0.000012
16.750000	0.000067	0.000011
16.850000	0.000097	0.000014
16.950000	0.000078	0.000012
17.050000	0.000084	0.000013
17.150000	0.000091	0.000013
17.250000	0.000122	0.000015
17.350000	0.000084	0.000013
17.450000	0.000082	0.000012
17.550000	0.000101	0.000014
17.650000	0.000084	0.000013
17.750000	0.000076	0.000012
17.850000	0.000087	0.000013
17.950000	0.000112	0.000015
18.050000	0.000105	0.000014
18.150000	0.000080	0.000012
18.250000	0.000089	0.000013
18.350000	0.000095	0.000013
18.450000	0.000086	0.000013
18.550000	0.000105	0.000014
18.650000	0.000080	0.000012
18.750000	0.000099	0.000014
18.850000	0.000089	0.000013
18.950000	0.000095	0.000013
19.050000	0.000084	0.000013
19.150000	0.000091	0.000013
19.250000	0.000076	0.000012
19.350000	0.000103	0.000014
19.450000	0.000057	0.000010
19.550000	0.000103	0.000014
19.650000	0.000084	0.000013
19.750000	0.000087	0.000013
19.850000	0.000097	0.000014
19.950000	0.000095	0.000013
proton dca distribution fitted:
dca[cm]	dN/d(dca)[cm^-1]	error
0.050000	0.000597	0.000034
0.150000	0.001649	0.000056
0.250000	0.002629	0.000071
0.350000	0.003335	0.000079
0.450000	0.003880	0.000085
0.550000	0.004089	0.000087
0.650000	0.004176	0.000087
0.750000	0.004067	0.000084
0.850000	0.003773	0.000079
0.950000	0.003698	0.000077
1.050000	0.003507	0.000072
1.150000	0.003239	0.000066
1.250000	0.003069	0.000060
1.350000	0.003049	0.000057
1.450000	0.002923	0.000052
1.550000	0.002852	0.000047
1.650000	0.002948	0.000045
1.750000	0.002888	0.000040
1.850000	0.002938	0.000038
1.950000	0.003006	0.000036
2.050000	0.003064	0.000034
2.150000	0.003135	0.000032
2.250000	0.003169	0.000030
2.350000	0.003196	0.000028
2.450000	0.003269	0.000027
2.550000	0.003301	0.000025
2.650000	0.003369	0.000025
2.750000	0.003359	0.000022
2.850000	0.003423	0.000022
2.950000	0.003459	0.000021
3.050000	0.003454	0.000019
3.150000	0.003532	0.000021
3.250000	0.003544	0.000020
3.350000	0.003557	0.000019
3.450000	0.003571	0.000018
3.550000	0.003610	0.000018
3.650000	0.003618	0.000018
3.750000	0.003625	0.000017
3.850000	0.003633	0.000016
3.950000	0.003609	0.000014
4.050000	0.003602	0.000012
4.150000	0.003638	0.000014
4.250000	0.003673	0.000016
4.350000	0.003649	0.000013
4.450000	0.003667	0.000014
4.550000	0.003661	0.000013
4.650000	0.003687	0.000014
4.750000	0.003687	0.000014
4.850000	0.003698	0.000014
4.950000	0.003735	0.000016
5.050000	0.003693	0.000013
5.150000	0.003680	0.000012
5.250000	0.003711	0.000014
5.350000	0.003697	0.000013
5.450000	0.003690	0.000012
5.550000	0.003707	0.000013
5.650000	0.003715	0.000014
5.750000	0.003709	0.000013
5.850000	0.003716	0.000014
5.950000	0.003693	0.000012
6.050000	0.003686	0.000011
6.150000	0.003723	0.000014
6.250000	0.003703	0.000012
6.350000	0.003708	0.000013
6.450000	0.003697	0.000012
6.550000	0.003711	0.000013
6.650000	0.003700	0.000012
6.750000	0.003703	0.000012
6.850000	0.003692	0.000011
6.950000	0.003698	0.000012
7.050000	0.003706	0.000012
7.150000	0.003712	0.000013
7.250000	0.003693	0.000011
7.350000	0.003710	0.000013
7.450000	0.003712	0.000013
7.550000	0.003707	0.000012
7.650000	0.003694	0.000011
7.750000	0.003696	0.000011
7.850000	0.003696	0.000011
7.950000	0.003673	0.000009
8.050000	0.003709	0.000012
8.150000	0.003696	0.000011
8.250000	0.003690	0.000011
8.350000	0.003704	0.000012
8.450000	0.003702	0.000012
8.550000	0.003691	0.000011
8.650000	0.003679	0.000010
8.750000	0.003702	0.000012
8.850000	0.003693	0.000011
8.950000	0.003706	0.000012
9.050000	0.003712	0.000013
9.150000	0.003676	0.000010
9.250000	0.003691	0.000011
9.350000	0.003704	0.000012
9.450000	0.003725	0.000014
9.550000	0.003689	0.000011
9.650000	0.003716	0.000013
9.750000	0.003687	0.000011
9.850000	0.003723	0.000013
9.950000	0.003719	0.000013
10.050000	0.003710	0.000012
10.150000	0.003683	0.000010
10.250000	0.003708	0.000012
10.350000	0.003712	0.000013
10.450000	0.003704	0.000012
10.550000	0.003691	0.000011
10.650000	0.003706	0.000012
10.750000	0.003700	0.000012
10.850000	0.003697	0.000011
10.950000	0.003702	0.000012
11.050000	0.003700	0.000012
11.150000	0.003699	0.000012
11.250000	0.003695	0.000011
11.350000	0.003693	0.000011
11.450000	0.003712	0.000013
11.550000	0.003708	0.000012
11.650000	0.003710	0.000012
11.750000	0.003718	0.000013
11.850000	0.003708	0.000012
11.950000	0.003706	0.000012
12.050000	0.003712	0.000013
12.150000	0.003725	0.000014
12.250000	0.003702	0.000012
12.350000	0.003691	0.000011
12.450000	0.003702	0.000012
12.550000	0.003719	0.000013
12.650000	0.003714	0.000013
12.750000	0.003676	0.000010
12.850000	0.003704	0.000012
12.950000	0.003683	0.000010
13.050000	0.003700	0.000012
13.150000	0.003702	0.000012
13.250000	0.003700	0.000012
13.350000	0.003700	0.000012
13.450000	0.003693	0.000011
13.550000	0.003695	0.000011
13.650000	0.003702	0.000012
13.750000	0.003702	0.000012
13.850000	0.003697	0.000011
13.950000	0.003702	0.000012
14.050000	0.003693	0.000011
14.150000	0.003708	0.000012
14.250000	0.003712	0.000013
14.350000	0.003719	0.000013
14.450000	0.003708	0.000012
14.550000	0.003706	0.000012
14.650000	0.003725	0.000014
14.750000	0.003693	0.000011
14.850000	0.003712	0.000013
14.950000	0.003723	0.000013
15.050000	0.003710	0.000012
15.150000	0.003719	0.000013
15.250000	0.003740	0.000015
15.350000	0.003712	0.000013
15.450000	0.003712	0.000013
15.550000	0.003702	0.000012
15.650000	0.003718	0.000013
15.750000	0.003718	0.000013
15.850000	0.003716	0.000013
15.950000	0.003710	0.000012
16.050000	0.003704	0.000012
16.150000	0.003695	0.000011
16.250000	0.003712	0.000013
16.350000	0.003687	0.000011
16.450000	0.003727	0.000014
16.550000	0.003693	0.000011
16.650000	0.003708	0.000012
16.750000	0.003695	0.000011
16.850000	0.003725	0.000014
16.950000	0.003706	0.000012
17.050000	0.003712	0.000013
17.150000	0.003719	0.000013
17.250000	0.003750	0.000015
17.350000	0.003712	0.000013
17.450000	0.003710	0.000012
17.550000	0.003729	0.000014
17.650000	0.003712	0.000013
17.750000	0.003704	0.000012
17.850000	0.003716	0.000013
17.950000	0.003740	0.000015
18.050000	0.003733	0.000014
18.150000	0.003708	0.000012
18.250000	0.003718	0.000013
18.350000	0.003723	0.000013
18.450000	0.003714	0.000013
18.550000	0.003733	0.000014
18.650000	0.003708	0.000012
18.750000	0.003727	0.000014
18.850000	0.003718	0.000013
18.950000	0.003723	0.000013
19.050000	0.003712	0.000013
19.150000	0.003719	0.000013
19.250000	0.003704	0.000012
19.350000	0.003731	0.000014
19.450000	0.003685	0.000010
19.550000	0.003731	0.000014
19.650000	0.003712	0.000013
19.750000	0.003716	0.000013
19.850000	0.003725	0.000014
19.950000	0.003723	0.000013
proton background dca distribution fitted:
dca[cm]	dN/d(dca)[cm^-1]	error
0.050000	0.000000	0.000056
0.150000	0.000001	0.000752
0.250000	0.000005	0.002316
0.350000	0.000021	0.004630
0.450000	0.000056	0.007506
0.550000	0.000116	0.010757
0.650000	0.000202	0.014219
0.750000	0.000315	0.017762
0.850000	0.000453	0.021281
0.950000	0.000610	0.024703
1.050000	0.000783	0.027974
1.150000	0.000965	0.031060
1.250000	0.001152	0.033941
1.350000	0.001340	0.036607
1.450000	0.001525	0.039056
1.550000	0.001705	0.041293
1.650000	0.001877	0.043326
1.750000	0.002040	0.045166
1.850000	0.002193	0.046825
1.950000	0.002334	0.048316
2.050000	0.002465	0.049653
2.150000	0.002586	0.050849
2.250000	0.002695	0.051916
2.350000	0.002795	0.052868
2.450000	0.002885	0.053715
2.550000	0.002967	0.054468
2.650000	0.003040	0.055136
2.750000	0.003106	0.055729
2.850000	0.003165	0.056254
2.950000	0.003217	0.056720
3.050000	0.003264	0.057132
3.150000	0.003306	0.057496
3.250000	0.003343	0.057818
3.350000	0.003376	0.058102
3.450000	0.003405	0.058354
3.550000	0.003431	0.058576
3.650000	0.003454	0.058772
3.750000	0.003475	0.058945
3.850000	0.003493	0.059098
3.950000	0.003508	0.059232
4.050000	0.003523	0.059351
4.150000	0.003535	0.059456
4.250000	0.003546	0.059548
4.350000	0.003556	0.059630
4.450000	0.003564	0.059701
4.550000	0.003572	0.059765
4.650000	0.003578	0.059821
4.750000	0.003584	0.059870
4.850000	0.003590	0.059913
4.950000	0.003594	0.059951
5.050000	0.003598	0.059985
5.150000	0.003602	0.060015
5.250000	0.003605	0.060041
5.350000	0.003608	0.060064
5.450000	0.003610	0.060084
5.550000	0.003612	0.060102
5.650000	0.003614	0.060118
5.750000	0.003616	0.060132
5.850000	0.003617	0.060144
5.950000	0.003619	0.060155
6.050000	0.003620	0.060164
6.150000	0.003621	0.060172
6.250000	0.003622	0.060180
6.350000	0.003622	0.060186
6.450000	0.003623	0.060192
6.550000	0.003624	0.060197
6.650000	0.003624	0.060201
6.750000	0.003625	0.060205
6.850000	0.003625	0.060209
6.950000	0.003625	0.060212
7.050000	0.003626	0.060215
7.150000	0.003626	0.060217
7.250000	0.003626	0.060219
7.350000	0.003627	0.060221
7.450000	0.003627	0.060222
7.550000	0.003627	0.060224
7.650000	0.003627	0.060225
7.750000	0.003627	0.060226
7.850000	0.003627	0.060227
7.950000	0.003627	0.060228
8.050000	0.003628	0.060229
8.150000	0.003628	0.060229
8.250000	0.003628	0.060230
8.350000	0.003628	0.060231
8.450000	0.003628	0.060231
8.550000	0.003628	0.060231
8.650000	0.003628	0.060232
8.750000	0.003628	0.060232
8.850000	0.003628	0.060232
8.950000	0.003628	0.060233
9.050000	0.003628	0.060233
9.150000	0.003628	0.060233
9.250000	0.003628	0.060233
9.350000	0.003628	0.060233
9.450000	0.003628	0.060233
9.550000	0.003628	0.060234
9.650000	0.003628	0.060234
9.750000	0.003628	0.060234
9.850000	0.003628	0.060234
9.950000	0.003628	0.060234
