d+Au 200 GeV pion background:
all background:
pt[GeV/c]	background[%]	error
0.21	16.46	 0.29
0.23	15.36	 0.28
0.25	14.54	 0.27
0.27	13.54	 0.26
0.29	12.78	 0.26
0.31	12.66	 0.27
0.33	12.03	 0.26
0.35	11.30	 0.26
0.37	11.20	 0.27
0.39	10.83	 0.27
0.41	10.51	 0.27
0.43	 9.52	 0.27
0.45	 9.29	 0.27
0.47	 8.92	 0.28
0.49	 9.26	 0.29
0.51	 9.01	 0.30
0.53	 7.65	 0.28
0.55	 8.44	 0.31
0.57	 7.96	 0.32
0.59	 7.52	 0.32
0.61	 7.49	 0.33
0.63	 6.74	 0.33
0.65	 7.25	 0.35
0.67	 7.53	 0.37
0.69	 7.12	 0.38
0.71	 7.77	 0.42
0.73	 5.85	 0.37
0.75	 6.71	 0.42
0.77	 6.54	 0.43
0.79	 6.18	 0.44
0.81	 6.43	 0.47
0.83	 7.15	 0.52
0.85	 7.66	 0.57
0.87	 6.77	 0.56
0.89	 6.06	 0.54
0.91	 6.34	 0.57
0.93	 6.57	 0.62
0.95	 6.71	 0.66
0.97	 6.31	 0.66
0.99	 5.76	 0.64
1.01	 5.69	 0.66
1.03	 5.33	 0.67
1.05	 4.50	 0.63
1.07	 5.48	 0.73
1.09	 5.19	 0.75
1.11	 5.53	 0.80
1.13	 5.78	 0.86
1.15	 6.10	 0.92
1.17	 7.65	 1.06
1.19	 5.09	 0.87
1.21	 5.74	 0.95
1.23	 5.80	 0.99
1.25	 4.51	 0.91
1.27	 5.22	 1.07
1.29	 6.31	 1.17
1.31	 5.69	 1.15
1.33	 3.50	 0.92
1.35	 7.07	 1.38
1.37	 5.65	 1.30
1.39	 4.97	 1.20
1.41	 5.83	 1.31
1.43	 4.56	 1.20
1.45	 4.62	 1.22
1.47	 5.12	 1.36
1.49	 3.21	 1.09
1.51	 2.17	 0.90
1.53	 4.63	 1.37
1.55	 8.84	 1.97
1.57	 7.08	 1.89
1.59	 4.37	 1.58
1.61	 6.08	 1.89
1.63	 4.79	 1.63
1.65	 6.00	 2.06
1.67	 8.00	 2.40
1.69	 7.03	 2.42
1.71	 8.44	 2.44
1.73	 6.29	 2.05
1.75	 9.35	 2.71
1.77	 5.00	 1.94
1.79	 6.67	 2.18
1.81	 7.89	 2.73
1.83	10.08	 3.05
1.85	10.34	 3.14
1.87	15.22	 4.37
1.89	 1.87	 1.33
1.91	 6.90	 2.91
1.93	11.83	 3.77
1.95	 8.86	 3.49
1.97	11.11	 4.14
1.99	16.67	 5.43
muon contamination:
pt[GeV/c]	background[%]	error
0.21	 4.39	 0.14
0.23	 4.04	 0.13
0.25	 3.92	 0.13
0.27	 3.69	 0.13
0.29	 3.58	 0.13
0.31	 3.53	 0.13
0.33	 3.34	 0.13
0.35	 3.15	 0.13
0.37	 3.09	 0.13
0.39	 3.14	 0.14
0.41	 2.92	 0.13
0.43	 2.64	 0.13
0.45	 2.82	 0.14
0.47	 2.74	 0.14
0.49	 2.66	 0.15
0.51	 2.47	 0.15
0.53	 2.19	 0.14
0.55	 2.38	 0.16
0.57	 2.21	 0.16
0.59	 2.06	 0.16
0.61	 2.22	 0.17
0.63	 1.86	 0.16
0.65	 1.83	 0.17
0.67	 2.24	 0.19
0.69	 2.27	 0.21
0.71	 2.65	 0.23
0.73	 1.74	 0.20
0.75	 1.72	 0.20
0.77	 1.93	 0.23
0.79	 1.90	 0.24
0.81	 1.66	 0.23
0.83	 1.79	 0.25
0.85	 1.74	 0.26
0.87	 2.36	 0.32
0.89	 1.39	 0.25
0.91	 1.82	 0.29
0.93	 1.92	 0.32
0.95	 1.19	 0.26
0.97	 1.73	 0.33
0.99	 1.17	 0.28
1.01	 1.69	 0.35
1.03	 1.22	 0.31
1.05	 1.23	 0.32
1.07	 1.89	 0.42
1.09	 1.37	 0.37
1.11	 1.25	 0.36
1.13	 1.97	 0.48
1.15	 0.74	 0.30
1.17	 1.68	 0.47
1.19	 1.92	 0.52
1.21	 1.84	 0.52
1.23	 2.18	 0.59
1.25	 1.69	 0.54
1.27	 1.20	 0.49
1.29	 1.56	 0.55
1.31	 1.68	 0.60
1.33	 0.91	 0.46
1.35	 1.68	 0.64
1.37	 1.08	 0.54
1.39	 1.60	 0.66
1.41	 1.33	 0.60
1.43	 0.88	 0.51
1.47	 1.32	 0.66
1.49	 0.70	 0.49
1.51	 0.71	 0.51
1.53	 0.37	 0.37
1.55	 2.26	 0.93
1.57	 2.25	 1.02
1.59	 1.06	 0.75
1.61	 0.52	 0.52
1.63	 1.03	 0.73
1.65	 0.63	 0.63
1.67	 1.25	 0.89
1.69	 0.74	 0.74
1.71	 0.60	 0.60
1.75	 0.66	 0.66
1.77	 0.68	 0.69
1.79	 0.63	 0.63
1.81	 2.50	 1.46
1.85	 2.40	 1.40
1.87	 2.91	 1.71
1.91	 1.09	 1.09
1.93	 1.96	 1.40
1.95	 1.18	 1.18
1.97	 2.56	 1.84
1.99	 1.32	 1.32
weak-decay background:
pt[GeV/c]	background[%]	error
0.21	11.03	 0.23
0.23	10.42	 0.22
0.25	 9.79	 0.21
0.27	 9.13	 0.21
0.29	 8.55	 0.20
0.31	 8.49	 0.21
0.33	 8.12	 0.21
0.35	 7.64	 0.21
0.37	 7.62	 0.21
0.39	 7.21	 0.21
0.41	 7.15	 0.22
0.43	 6.52	 0.21
0.45	 6.12	 0.21
0.47	 5.84	 0.22
0.49	 6.25	 0.23
0.51	 6.22	 0.24
0.53	 5.22	 0.23
0.55	 5.77	 0.25
0.57	 5.50	 0.26
0.59	 5.24	 0.26
0.61	 5.04	 0.27
0.63	 4.70	 0.27
0.65	 5.22	 0.29
0.67	 5.06	 0.30
0.69	 4.63	 0.30
0.71	 4.85	 0.32
0.73	 3.97	 0.30
0.75	 4.82	 0.35
0.77	 4.43	 0.35
0.79	 4.12	 0.35
0.81	 4.61	 0.39
0.83	 5.17	 0.43
0.85	 5.71	 0.48
0.87	 4.21	 0.43
0.89	 4.53	 0.46
0.91	 4.35	 0.47
0.93	 4.47	 0.50
0.95	 5.38	 0.58
0.97	 4.43	 0.54
0.99	 4.48	 0.56
1.01	 3.87	 0.54
1.03	 4.01	 0.57
1.05	 3.19	 0.53
1.07	 3.46	 0.57
1.09	 3.71	 0.62
1.11	 4.18	 0.68
1.13	 3.66	 0.67
1.15	 5.28	 0.85
1.17	 5.77	 0.91
1.19	 3.05	 0.66
1.21	 3.76	 0.75
1.23	 3.46	 0.75
1.25	 2.73	 0.69
1.27	 3.92	 0.92
1.29	 4.61	 0.98
1.31	 3.87	 0.93
1.33	 2.55	 0.78
1.35	 5.21	 1.17
1.37	 4.47	 1.14
1.39	 3.26	 0.96
1.41	 4.38	 1.12
1.43	 3.61	 1.06
1.45	 4.62	 1.22
1.47	 3.70	 1.14
1.49	 2.48	 0.95
1.51	 1.44	 0.72
1.53	 4.23	 1.30
1.55	 6.27	 1.62
1.57	 4.61	 1.49
1.59	 3.24	 1.35
1.61	 5.49	 1.78
1.63	 3.68	 1.42
1.65	 5.30	 1.92
1.67	 6.58	 2.15
1.69	 6.20	 2.26
1.71	 7.74	 2.32
1.73	 6.29	 2.05
1.75	 8.57	 2.58
1.77	 4.26	 1.77
1.79	 5.96	 2.05
1.81	 5.13	 2.15
1.83	10.08	 3.05
1.85	 7.56	 2.61
1.87	11.58	 3.69
1.89	 1.87	 1.33
1.91	 5.68	 2.61
1.93	 9.47	 3.30
1.95	 7.50	 3.17
1.97	 8.11	 3.44
1.99	14.93	 5.06
