Au+Au 62.4 GeV
pt[GeV/c] spectra d^2N/(2pi*pt*dpt*dy)[(GeV/c)^-2]
pi- 70-80%:
0.225000	10.722007	0.219477
0.275000	7.931897	0.160730
0.325000	5.888897	0.119484
0.375000	4.393145	0.046751
0.425000	3.276625	0.035267
0.475000	2.488170	0.027104
0.525000	1.891751	0.020907
0.575000	1.441618	0.029781
0.625000	1.098462	0.022855
0.675000	0.837307	0.025720
pi- 60-70%:
0.225000	20.242147	0.409594
0.275000	15.295725	0.307996
0.325000	11.482836	0.231356
0.375000	8.692029	0.089853
0.425000	6.593715	0.068572
0.475000	5.021397	0.052533
0.525000	3.846155	0.040558
0.575000	2.963490	0.060253
0.625000	2.280657	0.046537
0.675000	1.773352	0.053832
pi- 50-60%:
0.225000	36.329054	0.731912
0.275000	27.372416	0.549606
0.325000	20.784307	0.417439
0.375000	15.828713	0.161332
0.425000	12.049904	0.123190
0.475000	9.266882	0.095082
0.525000	7.121993	0.073409
0.575000	5.512205	0.111291
0.625000	4.278200	0.086525
0.675000	3.346662	0.101057
pi- 40-50%:
0.225000	59.084030	1.187784
0.275000	44.464088	0.891551
0.325000	33.617508	0.674198
0.375000	25.656160	0.259703
0.425000	19.695891	0.199760
0.475000	15.114968	0.153654
0.525000	11.651872	0.118786
0.575000	9.082983	0.182713
0.625000	7.066251	0.142324
0.675000	5.550061	0.167192
pi- 30-40%:
0.225000	88.675627	1.779919
0.275000	67.135214	1.344985
0.325000	51.380970	1.029436
0.375000	39.488458	0.398017
0.425000	30.428985	0.307074
0.475000	23.564820	0.238118
0.525000	18.248448	0.184727
0.575000	14.221877	0.285476
0.625000	11.120239	0.223389
0.675000	8.781315	0.264121
pi- 20-30%:
0.225000	130.993215	2.627679
0.275000	100.081419	2.004074
0.325000	76.781935	1.537541
0.375000	59.108638	0.594408
0.425000	45.793891	0.460847
0.475000	35.417339	0.356771
0.525000	27.585475	0.278211
0.575000	21.518152	0.431453
0.625000	16.791041	0.336859
0.675000	13.267790	0.398769
pi- 10-20%:
0.225000	187.972236	3.770658
0.275000	143.713299	2.876927
0.325000	110.291041	2.207851
0.375000	84.837113	0.851857
0.425000	65.735246	0.660370
0.475000	51.008773	0.512773
0.525000	39.805396	0.400492
0.575000	31.054338	0.622213
0.625000	24.352877	0.488157
0.675000	19.260014	0.578628
pi- 5-10%:
0.225000	244.193292	4.913087
0.275000	188.599310	3.777791
0.325000	145.464356	2.913528
0.375000	112.164410	1.128709
0.425000	86.922062	0.875465
0.475000	67.516429	0.680688
0.525000	52.619477	0.531179
0.575000	41.015106	0.822622
0.625000	32.215482	0.646544
0.675000	25.437343	0.764751
pi- 0-5%:
0.225000	300.262807	6.012934
0.275000	232.916019	4.664900
0.325000	179.620915	3.596862
0.375000	139.025630	1.397535
0.425000	107.423353	1.080632
0.475000	83.168438	0.837295
0.525000	64.720169	0.652275
0.575000	50.494617	1.012242
0.625000	39.560917	0.793482
0.675000	31.382526	0.943171
pi+ 70-80%:
0.225000	10.722683	0.219659
0.275000	7.794314	0.157947
0.325000	5.813642	0.117976
0.375000	4.319939	0.046062
0.425000	3.271848	0.035248
0.475000	2.437789	0.026598
0.525000	1.859333	0.020585
0.575000	1.425085	0.029451
0.625000	1.076555	0.022458
0.675000	0.833681	0.025621
pi+ 60-70%:
0.225000	21.107824	0.427607
0.275000	15.645032	0.315058
0.325000	11.587362	0.233501
0.375000	8.771656	0.090628
0.425000	6.603783	0.068653
0.475000	5.039672	0.052728
0.525000	3.811924	0.040223
0.575000	2.928548	0.059621
0.625000	2.259996	0.046115
0.675000	1.752705	0.053215
pi+ 50-60%:
0.225000	36.573364	0.737094
0.275000	27.128359	0.544736
0.325000	20.440863	0.410584
0.375000	15.601957	0.159062
0.425000	11.923662	0.121928
0.475000	9.128999	0.093695
0.525000	7.033597	0.072517
0.575000	5.448157	0.109978
0.625000	4.207484	0.085101
0.675000	3.264693	0.098595
pi+ 40-50%:
0.225000	58.856378	1.182801
0.275000	43.695880	0.876190
0.325000	33.119654	0.664246
0.375000	25.327979	0.256456
0.425000	19.450476	0.197309
0.475000	14.959886	0.152111
0.525000	11.528215	0.117551
0.575000	8.942920	0.179910
0.625000	6.989018	0.140775
0.675000	5.453956	0.164304
pi+ 30-40%:
0.225000	88.211312	1.770284
0.275000	66.112198	1.324504
0.325000	50.589872	1.013597
0.375000	38.917222	0.392304
0.425000	30.025330	0.303013
0.475000	23.229884	0.234766
0.525000	17.996458	0.182202
0.575000	14.019131	0.281419
0.625000	10.946182	0.219914
0.675000	8.655409	0.260350
pi+ 20-30%:
0.225000	128.421775	2.576218
0.275000	97.019106	1.942808
0.325000	74.394731	1.489817
0.375000	57.659536	0.579894
0.425000	44.732376	0.450212
0.475000	34.692903	0.349510
0.525000	27.103629	0.273380
0.575000	21.097500	0.423037
0.625000	16.573460	0.332506
0.675000	13.074100	0.392959
pi+ 10-20%:
0.225000	186.748303	3.746020
0.275000	141.271847	2.828135
0.325000	108.213000	2.166295
0.375000	83.596388	0.839367
0.425000	64.936323	0.652405
0.475000	50.356273	0.506251
0.525000	39.229602	0.394732
0.575000	30.715761	0.615446
0.625000	24.075989	0.482625
0.675000	19.029425	0.571680
pi+ 5-10%:
0.225000	238.562191	4.802835
0.275000	185.322112	3.712321
0.325000	143.911321	2.882542
0.375000	111.969591	1.126910
0.425000	86.876552	0.875136
0.475000	67.377129	0.679349
0.525000	52.442059	0.529459
0.575000	40.893899	0.820215
0.625000	32.068347	0.643624
0.675000	25.290983	0.760406
pi+ 0-5%:
0.225000	295.282995	5.913394
0.275000	226.852188	4.543403
0.325000	174.815577	3.500815
0.375000	135.960578	1.366928
0.425000	105.482004	1.061239
0.475000	82.069190	0.826329
0.525000	63.773969	0.642817
0.575000	49.871884	0.999791
0.625000	39.015169	0.782600
0.675000	30.913422	0.929125
K- 70-80%:
0.275000	0.702689	0.018605
0.325000	0.595053	0.020084
0.375000	0.489185	0.025511
0.425000	0.404568	0.048988
0.475000	0.313846	0.038084
0.525000	0.270010	0.032775
0.575000	0.227390	0.018690
0.625000	0.183200	0.018719
0.675000	0.160627	0.019764
0.725000	0.149544	0.010044
K- 60-70%:
0.275000	1.407766	0.033060
0.325000	1.176249	0.037573
0.375000	1.042401	0.053191
0.425000	0.879460	0.105977
0.475000	0.723009	0.087259
0.525000	0.586353	0.070766
0.575000	0.504392	0.040882
0.625000	0.437068	0.044127
0.675000	0.371249	0.045090
0.725000	0.330203	0.019606
K- 50-60%:
0.275000	2.508374	0.055354
0.325000	2.177882	0.067717
0.375000	1.908790	0.096539
0.425000	1.627769	0.195784
0.475000	1.312534	0.157950
0.525000	1.129102	0.135894
0.575000	0.971174	0.078228
0.625000	0.826928	0.083147
0.675000	0.747636	0.090297
0.725000	0.650572	0.035688
K- 40-50%:
0.275000	4.074579	0.087021
0.325000	3.484339	0.106973
0.375000	3.081444	0.155204
0.425000	2.709934	0.325672
0.475000	2.243579	0.269697
0.525000	1.916520	0.230404
0.575000	1.701268	0.136674
0.625000	1.480545	0.148562
0.675000	1.300992	0.156779
0.725000	1.164484	0.062121
K- 30-40%:
0.275000	5.879787	0.122821
0.325000	5.194308	0.158200
0.375000	4.715311	0.236871
0.425000	4.202163	0.504746
0.475000	3.491961	0.419498
0.525000	3.044556	0.365757
0.575000	2.682658	0.215181
0.625000	2.374994	0.238028
0.675000	2.091763	0.251720
0.725000	1.795985	0.093943
K- 20-30%:
0.275000	9.014250	0.185913
0.325000	7.919357	0.240147
0.375000	7.189002	0.360632
0.425000	6.368040	0.764697
0.475000	5.267496	0.632594
0.525000	4.590574	0.551312
0.575000	4.064282	0.325761
0.625000	3.628892	0.363489
0.675000	3.236554	0.389254
0.725000	2.841711	0.147278
K- 10-20%:
0.275000	12.053394	0.246777
0.325000	10.978197	0.331940
0.375000	10.099162	0.506161
0.425000	9.062937	1.088132
0.475000	7.501246	0.900665
0.525000	6.578763	0.789912
0.575000	5.844428	0.468225
0.625000	5.317735	0.532485
0.675000	4.681214	0.562803
0.725000	4.167143	0.215444
K- 5-10%:
0.275000	16.689135	0.345910
0.325000	14.615569	0.443826
0.375000	13.484520	0.676693
0.425000	11.998100	1.440783
0.475000	10.644777	1.278432
0.525000	8.861911	1.064374
0.575000	8.034849	0.644154
0.625000	7.212121	0.722794
0.675000	6.361524	0.765966
0.725000	5.432808	0.286828
K- 0-5%:
0.275000	18.851666	0.210599
0.325000	16.992649	0.347621
0.375000	16.072832	1.447908
0.425000	14.435220	2.021820
0.475000	12.734540	1.402307
0.525000	11.304460	0.792923
0.575000	10.427719	0.939747
0.625000	9.359607	0.471102
0.675000	7.731971	0.622259
0.725000	5.942359	0.310818
K+ 70-80%:
0.275000	0.729250	0.018856
0.325000	0.581919	0.019417
0.375000	0.506955	0.026290
0.425000	0.440325	0.053225
0.475000	0.358244	0.043366
0.525000	0.319604	0.038693
0.575000	0.251566	0.020589
0.625000	0.213019	0.021668
0.675000	0.186453	0.022823
0.725000	0.163691	0.010180
K+ 60-70%:
0.275000	1.543823	0.035611
0.325000	1.313670	0.041609
0.375000	1.140290	0.058045
0.425000	0.992439	0.119506
0.475000	0.804139	0.096898
0.525000	0.688820	0.083014
0.575000	0.578227	0.046739
0.625000	0.496898	0.050069
0.675000	0.413103	0.050018
0.725000	0.377794	0.021506
K+ 50-60%:
0.275000	2.630062	0.057295
0.325000	2.316014	0.071655
0.375000	2.093165	0.105690
0.425000	1.807288	0.217304
0.475000	1.530410	0.184113
0.525000	1.309304	0.157491
0.575000	1.142471	0.091894
0.625000	0.980275	0.098441
0.675000	0.851934	0.102722
0.725000	0.725651	0.039087
K+ 40-50%:
0.275000	4.899338	0.103590
0.325000	4.144297	0.126823
0.375000	3.631258	0.182701
0.425000	3.128681	0.375904
0.475000	2.609629	0.313592
0.525000	2.232633	0.268300
0.575000	1.931119	0.155008
0.625000	1.666943	0.167124
0.675000	1.424550	0.171482
0.725000	1.281407	0.067096
K+ 30-40%:
0.275000	7.110827	0.147521
0.325000	6.200515	0.188416
0.375000	5.521982	0.277204
0.425000	4.851418	0.582632
0.475000	4.073920	0.489299
0.525000	3.535040	0.424593
0.575000	3.057163	0.245088
0.625000	2.652730	0.265722
0.675000	2.337092	0.281039
0.725000	2.022878	0.104475
K+ 20-30%:
0.275000	10.289854	0.211309
0.325000	8.862635	0.268306
0.375000	8.024396	0.402342
0.425000	7.194467	0.863843
0.475000	6.085758	0.730736
0.525000	5.318879	0.638677
0.575000	4.690214	0.375774
0.625000	4.126796	0.413184
0.675000	3.609227	0.433784
0.725000	3.118635	0.160128
K+ 10-20%:
0.275000	14.274672	0.291116
0.325000	12.512136	0.377856
0.375000	11.538886	0.578102
0.425000	10.412732	1.250065
0.475000	8.967085	1.076519
0.525000	7.862413	0.943926
0.575000	6.950293	0.556618
0.625000	6.089435	0.609521
0.675000	5.328162	0.640204
0.725000	4.554384	0.232663
K+ 5-10%:
0.275000	19.065151	0.392893
0.325000	16.730880	0.507082
0.375000	15.529336	0.778859
0.425000	13.970625	1.677436
0.475000	12.056339	1.447728
0.525000	10.528254	1.264310
0.575000	9.319059	0.746787
0.625000	8.252093	0.826517
0.675000	7.196538	0.865543
0.725000	6.268181	0.325483
K+ 0-5%:
0.275000	22.541777	0.462311
0.325000	20.319263	0.614725
0.375000	18.754997	0.940146
0.425000	16.842405	2.022084
0.475000	14.372530	1.725697
0.525000	12.770977	1.533475
0.575000	11.370969	0.910969
0.625000	10.062563	1.007647
0.675000	8.705761	1.046958
0.725000	7.411302	0.384472
pbar 70-80%:
0.375000	0.204821	0.004043
0.425000	0.184647	0.003598
0.475000	0.176108	0.003352
0.525000	0.153342	0.002964
0.575000	0.133990	0.002632
0.625000	0.120006	0.003160
0.675000	0.104699	0.002794
0.725000	0.088363	0.002413
0.775000	0.074928	0.002096
0.825000	0.068651	0.001937
0.875000	0.059854	0.002181
0.925000	0.049316	0.001814
0.975000	0.042118	0.001613
1.025000	0.035712	0.001403
1.075000	0.031492	0.001521
1.125000	0.026836	0.001392
pbar 60-70%:
0.375000	0.387108	0.006325
0.425000	0.352540	0.005628
0.475000	0.337358	0.005276
0.525000	0.310779	0.004841
0.575000	0.281699	0.004403
0.625000	0.251236	0.005890
0.675000	0.224462	0.005292
0.725000	0.203645	0.004822
0.775000	0.170360	0.004106
0.825000	0.153398	0.003727
0.875000	0.141009	0.004660
0.925000	0.117716	0.003946
0.975000	0.101204	0.003444
1.025000	0.088987	0.003116
1.075000	0.074666	0.003329
1.125000	0.063094	0.003109
pbar 50-60%:
0.375000	0.618514	0.008875
0.425000	0.592733	0.008260
0.475000	0.558726	0.007691
0.525000	0.518193	0.007104
0.575000	0.487081	0.006644
0.625000	0.437363	0.009669
0.675000	0.395661	0.008769
0.725000	0.353950	0.007880
0.775000	0.316423	0.007079
0.825000	0.291779	0.006557
0.875000	0.242149	0.007749
0.925000	0.215064	0.006904
0.975000	0.188355	0.006099
1.025000	0.162073	0.005333
1.075000	0.141270	0.005974
1.125000	0.120143	0.005289
pbar 40-50%:
0.375000	0.911823	0.012047
0.425000	0.875253	0.011281
0.475000	0.831326	0.010598
0.525000	0.789108	0.009991
0.575000	0.728716	0.009218
0.625000	0.685362	0.014686
0.675000	0.624009	0.013392
0.725000	0.565314	0.012160
0.775000	0.511242	0.011030
0.825000	0.482606	0.010425
0.875000	0.406062	0.012700
0.925000	0.362658	0.011367
0.975000	0.324796	0.010237
1.025000	0.288532	0.009104
1.075000	0.247896	0.010312
1.125000	0.220673	0.009706
pbar 30-40%:
0.375000	1.262960	0.015619
0.425000	1.186347	0.014415
0.475000	1.161087	0.013911
0.525000	1.113297	0.013241
0.575000	1.054527	0.012496
0.625000	0.978748	0.020538
0.675000	0.920017	0.019301
0.725000	0.835890	0.017563
0.775000	0.776884	0.016337
0.825000	0.712486	0.015020
0.875000	0.675746	0.020798
0.925000	0.597902	0.018405
0.975000	0.525018	0.016240
1.025000	0.468044	0.014585
1.075000	0.410843	0.017113
1.125000	0.370105	0.014804
pbar 20-30%:
0.375000	1.704941	0.020256
0.425000	1.639684	0.019117
0.475000	1.568984	0.018132
0.525000	1.528981	0.017528
0.575000	1.448047	0.016550
0.625000	1.370045	0.028411
0.675000	1.288693	0.026719
0.725000	1.195588	0.024801
0.775000	1.102426	0.022892
0.825000	1.045283	0.021720
0.875000	0.989497	0.030195
0.925000	0.873824	0.026727
0.975000	0.785262	0.024088
1.025000	0.696612	0.021657
1.075000	0.631719	0.025815
1.125000	0.576784	0.023667
pbar 10-20%:
0.375000	2.168728	0.024942
0.425000	2.120082	0.024034
0.475000	2.073167	0.023294
0.525000	2.053825	0.022892
0.575000	1.960454	0.021781
0.625000	1.857553	0.038202
0.675000	1.774864	0.036483
0.725000	1.647963	0.033888
0.775000	1.529301	0.031474
0.825000	1.449659	0.029860
0.875000	1.391762	0.042258
0.925000	1.239023	0.037633
0.975000	1.138883	0.034751
1.025000	0.997270	0.030902
1.075000	0.937242	0.037968
1.125000	0.861695	0.035452
pbar 5-10%:
0.375000	2.719826	0.033592
0.425000	2.616125	0.031680
0.475000	2.596977	0.030977
0.525000	2.494532	0.029546
0.575000	2.431565	0.028611
0.625000	2.348423	0.049092
0.675000	2.227192	0.046545
0.725000	2.090287	0.043699
0.775000	1.963104	0.041093
0.825000	1.892300	0.039651
0.875000	1.801628	0.055126
0.925000	1.647451	0.050656
0.975000	1.467526	0.045219
1.025000	1.318143	0.042014
1.075000	1.234564	0.050443
1.125000	1.145718	0.048206
pbar 0-5%:
0.375000	3.114443	0.037525
0.425000	3.038494	0.035916
0.475000	2.982067	0.034843
0.525000	2.916759	0.033809
0.575000	2.868871	0.033024
0.625000	2.748858	0.057123
0.675000	2.632764	0.054684
0.725000	2.501370	0.051958
0.775000	2.333333	0.048555
0.825000	2.312558	0.047987
0.875000	2.070218	0.063344
0.925000	1.893988	0.058097
0.975000	1.783642	0.054567
1.025000	1.620593	0.051165
1.075000	1.513502	0.060540
1.125000	1.361938	0.054478
proton 70-80%:
0.425000	0.266311	0.003551
0.475000	0.245345	0.003461
0.525000	0.220800	0.003271
0.575000	0.211805	0.003145
0.625000	0.192498	0.004426
0.675000	0.169829	0.003955
0.725000	0.155533	0.003650
0.775000	0.129772	0.003119
0.825000	0.115495	0.002811
0.875000	0.094817	0.003198
0.925000	0.081348	0.002778
0.975000	0.066707	0.002320
1.025000	0.061679	0.002170
1.075000	0.051129	0.002308
1.125000	0.042430	0.002015
proton 60-70%:
0.425000	0.527760	0.006324
0.475000	0.525223	0.006371
0.525000	0.495202	0.006137
0.575000	0.469031	0.005884
0.625000	0.417314	0.009003
0.675000	0.390420	0.008449
0.725000	0.339009	0.007415
0.775000	0.303338	0.006682
0.825000	0.271589	0.006028
0.875000	0.220896	0.007037
0.925000	0.194968	0.006223
0.975000	0.168736	0.005456
1.025000	0.146708	0.004787
1.075000	0.124196	0.005315
1.125000	0.104931	0.004582
proton 50-60%:
0.425000	0.921138	0.010316
0.475000	0.927372	0.010506
0.525000	0.886516	0.010184
0.575000	0.825958	0.009626
0.625000	0.788754	0.016496
0.675000	0.712736	0.014960
0.725000	0.644957	0.013593
0.775000	0.584800	0.012376
0.825000	0.513544	0.010930
0.875000	0.433421	0.013448
0.925000	0.383971	0.011945
0.975000	0.339196	0.010594
1.025000	0.296196	0.009291
1.075000	0.256909	0.010720
1.125000	0.225044	0.009455
proton 40-50%:
0.425000	1.434866	0.015510
0.475000	1.425992	0.015547
0.525000	1.382725	0.015193
0.575000	1.324891	0.014652
0.625000	1.258508	0.025900
0.675000	1.172059	0.024163
0.725000	1.066347	0.022041
0.775000	0.964920	0.019998
0.825000	0.871146	0.018111
0.875000	0.755033	0.023111
0.925000	0.671486	0.020569
0.975000	0.594242	0.018281
1.025000	0.523466	0.016174
1.075000	0.462228	0.018839
1.125000	0.404647	0.016755
proton 30-40%:
0.425000	2.136197	0.022480
0.475000	2.099859	0.022256
0.525000	2.073672	0.022076
0.575000	2.032354	0.021702
0.625000	1.901086	0.038749
0.675000	1.777311	0.036273
0.725000	1.662098	0.033960
0.775000	1.506088	0.030831
0.825000	1.367653	0.028050
0.875000	1.213930	0.036881
0.925000	1.085725	0.033022
0.975000	0.962877	0.029336
1.025000	0.862535	0.026373
1.075000	0.773262	0.031310
1.125000	0.684518	0.027381
proton 20-30%:
0.425000	2.978686	0.030932
0.475000	2.999714	0.031302
0.525000	2.985496	0.031270
0.575000	2.894431	0.030417
0.625000	2.778479	0.056328
0.675000	2.619074	0.053138
0.725000	2.440916	0.049573
0.775000	2.253429	0.045811
0.825000	1.922252	0.039201
0.875000	1.743131	0.052810
0.925000	1.590114	0.048202
0.975000	1.444143	0.043849
1.025000	1.322394	0.040135
1.075000	1.174102	0.047392
1.125000	1.068198	0.042728
proton 10-20%:
0.425000	4.222777	0.043394
0.475000	4.199121	0.043347
0.525000	4.158672	0.043061
0.575000	4.076289	0.042295
0.625000	3.932643	0.079441
0.675000	3.748193	0.075752
0.725000	3.491699	0.070620
0.775000	3.236063	0.065501
0.825000	3.012531	0.061024
0.875000	2.690369	0.081213
0.925000	2.433176	0.073486
0.975000	2.195803	0.066416
1.025000	1.978584	0.060083
1.075000	1.807464	0.072691
1.125000	1.631560	0.065263
proton 5-10%:
0.425000	5.346377	0.055808
0.475000	5.371730	0.056436
0.525000	5.377905	0.056740
0.575000	5.274526	0.055880
0.625000	5.046530	0.102575
0.675000	4.802540	0.097706
0.725000	4.518371	0.092034
0.775000	4.206477	0.085780
0.825000	3.898142	0.079618
0.875000	3.452999	0.104642
0.925000	3.182676	0.096564
0.975000	2.934894	0.089218
1.025000	2.657053	0.081625
1.075000	2.413469	0.097209
1.125000	2.176121	0.088192
proton 0-5%:
0.425000	6.473799	0.067130
0.475000	6.502940	0.067780
0.525000	6.442840	0.067412
0.575000	6.375838	0.066868
0.625000	6.089652	0.123427
0.675000	5.839943	0.118450
0.725000	5.485851	0.111370
0.775000	5.106960	0.103811
0.825000	4.804566	0.097767
0.875000	4.292276	0.129780
0.925000	3.904393	0.118270
0.975000	3.601454	0.109409
1.025000	3.274822	0.099335
1.075000	2.996380	0.120663
1.125000	2.693654	0.109146
