
AGS E859 Si+Al 5.4 GeV:
Npart	error	K-/pi-	error
  9.5	  9.5	0.0215	0.0020
 22.4	 22.4	0.0314	0.0028
 32.4	 32.4	0.0322	0.0035
 38.7	 38.7	0.0365	0.0028

AGS E866 Au+Au 4.7 GeV:
Npart	error	K-/pi-	error
 48.0	 48.0	0.0293	0.0054
121.0	121.0	0.0327	0.0030
211.0	211.0	0.0432	0.0034
273.0	273.0	0.0401	0.0042
316.0	316.0	0.0398	0.0044
343.0	343.0	0.0387	0.0049
363.0	363.0	0.0481	0.0045

SPS NA49 Pb+Pb 17.3 GeV:
Npart	error	K-/pi-	error
 72.0	 72.0	0.0694	0.0065
130.0	130.0	0.0864	0.0052
188.0	188.0	0.0942	0.0065
241.0	241.0	0.1021	0.0065
304.0	304.0	0.1178	0.0065
362.0	362.0	0.1152	0.0105

SPS NA49 Pb+Pb energy scan:
Npart	error	K-/pi-	error
349.0	349.0	0.0658	0.0019
349.0	349.0	0.0808	0.0027
349.0	349.0	0.0714	0.0041
349.0	349.0	0.0833	0.0045
362.0	362.0	0.0958	0.0049

SPS NA49 S+S 20 GeV:
Npart	error	K-/pi-	error
 48.0	 48.0	0.1140	0.0180

SPS NA49 C+C/Si+Si 17.3 GeV:
Npart	error	K-/pi-	error
 16.3	 16.3	0.0930	0.0135
 41.4	 41.4	0.1000	0.0141

STAR Au+Au 62.4 GeV:
Npart	error	K-/pi-	error
 15.3	 15.3	0.1095	0.0089
 27.8	 27.8	0.1187	0.0103
 47.9	 47.9	0.1232	0.0106
 76.3	 76.3	0.1298	0.0103
114.3	114.3	0.1318	0.0100
164.1	164.1	0.1384	0.0096
229.8	229.8	0.1360	0.0104
293.9	293.9	0.1414	0.0099
346.5	346.5	0.1366	0.0097

STAR Au+Au 130 GeV:
Npart	error	K-/pi-	error
 22.6	 22.6	0.1395	0.0176
 61.0	 61.0	0.1369	0.0113
100.9	100.9	0.1421	0.0130
141.9	141.9	0.1448	0.0135
187.7	187.7	0.1463	0.0136
237.8	237.8	0.1420	0.0122
289.0	289.0	0.1447	0.0105
344.3	344.3	0.1525	0.0101

STAR Au+Au 200 GeV:
Npart	error	K-/pi-	error
 15.7	 15.7	0.1271	0.0121
 28.8	 28.8	0.1368	0.0129
 49.3	 49.3	0.1429	0.0135
 78.3	 78.3	0.1422	0.0138
117.1	117.1	0.1470	0.0147
167.6	167.6	0.1446	0.0150
234.3	234.3	0.1465	0.0164
298.6	298.6	0.1526	0.0183
350.6	350.6	0.1513	0.0196
