Optical Glauber:
b[fm]	dsigma/db[barn/fm]
0.010000	0.000628
0.030000	0.001885
0.050000	0.003142
0.070000	0.004398
0.090000	0.005655
0.110000	0.006912
0.130000	0.008168
0.150000	0.009425
0.170000	0.010681
0.190000	0.011938
0.210000	0.013195
0.230000	0.014451
0.250000	0.015708
0.270000	0.016965
0.290000	0.018221
0.310000	0.019478
0.330000	0.020735
0.350000	0.021991
0.370000	0.023248
0.390000	0.024504
0.410000	0.025761
0.430000	0.027018
0.450000	0.028274
0.470000	0.029531
0.490000	0.030788
0.510000	0.032044
0.530000	0.033301
0.550000	0.034558
0.570000	0.035814
0.590000	0.037071
0.610000	0.038327
0.630000	0.039584
0.650000	0.040841
0.670000	0.042097
0.690000	0.043354
0.710000	0.044611
0.730000	0.045867
0.750000	0.047124
0.770000	0.048381
0.790000	0.049637
0.810000	0.050894
0.830000	0.052150
0.850000	0.053407
0.870000	0.054664
0.890000	0.055920
0.910000	0.057177
0.930000	0.058434
0.950000	0.059690
0.970000	0.060947
0.990000	0.062204
1.010000	0.063460
1.030000	0.064717
1.050000	0.065973
1.070000	0.067230
1.090000	0.068487
1.110000	0.069743
1.130000	0.071000
1.150000	0.072257
1.170000	0.073513
1.190000	0.074770
1.210000	0.076027
1.230000	0.077283
1.250000	0.078540
1.270000	0.079796
1.290000	0.081053
1.310000	0.082310
1.330000	0.083566
1.350000	0.084823
1.370000	0.086080
1.390000	0.087336
1.410000	0.088593
1.430000	0.089850
1.450000	0.091106
1.470000	0.092363
1.490000	0.093619
1.510000	0.094876
1.530000	0.096133
1.550000	0.097389
1.570000	0.098646
1.590000	0.099903
1.610000	0.101159
1.630000	0.102416
1.650000	0.103673
1.670000	0.104929
1.690000	0.106186
1.710000	0.107442
1.730000	0.108699
1.750000	0.109956
1.770000	0.111212
1.790000	0.112469
1.810000	0.113726
1.830000	0.114982
1.850000	0.116239
1.870000	0.117496
1.890000	0.118752
1.910000	0.120009
1.930000	0.121265
1.950000	0.122522
1.970000	0.123779
1.990000	0.125035
2.010000	0.126292
2.030000	0.127549
2.050000	0.128805
2.070000	0.130062
2.090000	0.131319
2.110000	0.132575
2.130000	0.133832
2.150000	0.135088
2.170000	0.136345
2.190000	0.137602
2.210000	0.138858
2.230000	0.140115
2.250000	0.141372
2.270000	0.142628
2.290000	0.143885
2.310000	0.145142
2.330000	0.146398
2.350000	0.147655
2.370000	0.148911
2.390000	0.150168
2.410000	0.151425
2.430000	0.152681
2.450000	0.153938
2.470000	0.155195
2.490000	0.156451
2.510000	0.157708
2.530000	0.158965
2.550000	0.160221
2.570000	0.161478
2.590000	0.162735
2.610000	0.163991
2.630000	0.165248
2.650000	0.166504
2.670000	0.167761
2.690000	0.169018
2.710000	0.170274
2.730000	0.171531
2.750000	0.172788
2.770000	0.174044
2.790000	0.175301
2.810000	0.176558
2.830000	0.177814
2.850000	0.179071
2.870000	0.180327
2.890000	0.181584
2.910000	0.182841
2.930000	0.184097
2.950000	0.185354
2.970000	0.186611
2.990000	0.187867
3.010000	0.189124
3.030000	0.190381
3.050000	0.191637
3.070000	0.192894
3.090000	0.194150
3.110000	0.195407
3.130000	0.196664
3.150000	0.197920
3.170000	0.199177
3.190000	0.200434
3.210000	0.201690
3.230000	0.202947
3.250000	0.204204
3.270000	0.205460
3.290000	0.206717
3.310000	0.207973
3.330000	0.209230
3.350000	0.210487
3.370000	0.211743
3.390000	0.213000
3.410000	0.214257
3.430000	0.215513
3.450000	0.216770
3.470000	0.218027
3.490000	0.219283
3.510000	0.220540
3.530000	0.221796
3.550000	0.223053
3.570000	0.224310
3.590000	0.225566
3.610000	0.226823
3.630000	0.228080
3.650000	0.229336
3.670000	0.230593
3.690000	0.231850
3.710000	0.233106
3.730000	0.234363
3.750000	0.235619
3.770000	0.236876
3.790000	0.238133
3.810000	0.239389
3.830000	0.240646
3.850000	0.241903
3.870000	0.243159
3.890000	0.244416
3.910000	0.245673
3.930000	0.246929
3.950000	0.248186
3.970000	0.249442
3.990000	0.250699
4.010000	0.251956
4.030000	0.253212
4.050000	0.254469
4.070000	0.255726
4.090000	0.256982
4.110000	0.258239
4.130000	0.259496
4.150000	0.260752
4.170000	0.262009
4.190000	0.263265
4.210000	0.264522
4.230000	0.265779
4.250000	0.267035
4.270000	0.268292
4.290000	0.269549
4.310000	0.270805
4.330000	0.272062
4.350000	0.273319
4.370000	0.274575
4.390000	0.275832
4.410000	0.277088
4.430000	0.278345
4.450000	0.279602
4.470000	0.280858
4.490000	0.282115
4.510000	0.283372
4.530000	0.284628
4.550000	0.285885
4.570000	0.287142
4.590000	0.288398
4.610000	0.289655
4.630000	0.290911
4.650000	0.292168
4.670000	0.293425
4.690000	0.294681
4.710000	0.295938
4.730000	0.297195
4.750000	0.298451
4.770000	0.299708
4.790000	0.300965
4.810000	0.302221
4.830000	0.303478
4.850000	0.304734
4.870000	0.305991
4.890000	0.307248
4.910000	0.308504
4.930000	0.309761
4.950000	0.311018
4.970000	0.312274
4.990000	0.313531
5.010000	0.314788
5.030000	0.316044
5.050000	0.317301
5.070000	0.318557
5.090000	0.319814
5.110000	0.321071
5.130000	0.322327
5.150000	0.323584
5.170000	0.324841
5.190000	0.326097
5.210000	0.327354
5.230000	0.328611
5.250000	0.329867
5.270000	0.331124
5.290000	0.332381
5.310000	0.333637
5.330000	0.334894
5.350000	0.336150
5.370000	0.337407
5.390000	0.338664
5.410000	0.339920
5.430000	0.341177
5.450000	0.342434
5.470000	0.343690
5.490000	0.344947
5.510000	0.346204
5.530000	0.347460
5.550000	0.348717
5.570000	0.349973
5.590000	0.351230
5.610000	0.352487
5.630000	0.353743
5.650000	0.355000
5.670000	0.356257
5.690000	0.357513
5.710000	0.358770
5.730000	0.360027
5.750000	0.361283
5.770000	0.362540
5.790000	0.363796
5.810000	0.365053
5.830000	0.366310
5.850000	0.367566
5.870000	0.368823
5.890000	0.370080
5.910000	0.371336
5.930000	0.372593
5.950000	0.373850
5.970000	0.375106
5.990000	0.376363
6.010000	0.377619
6.030000	0.378876
6.050000	0.380133
6.070000	0.381389
6.090000	0.382646
6.110000	0.383903
6.130000	0.385159
6.150000	0.386416
6.170000	0.387673
6.190000	0.388929
6.210000	0.390186
6.230000	0.391442
6.250000	0.392699
6.270000	0.393956
6.290000	0.395212
6.310000	0.396469
6.330000	0.397726
6.350000	0.398982
6.370000	0.400239
6.390000	0.401496
6.410000	0.402752
6.430000	0.404009
6.450000	0.405265
6.470000	0.406522
6.490000	0.407779
6.510000	0.409035
6.530000	0.410292
6.550000	0.411549
6.570000	0.412805
6.590000	0.414062
6.610000	0.415319
6.630000	0.416575
6.650000	0.417832
6.670000	0.419088
6.690000	0.420345
6.710000	0.421602
6.730000	0.422858
6.750000	0.424115
6.770000	0.425372
6.790000	0.426628
6.810000	0.427885
6.830000	0.429142
6.850000	0.430398
6.870000	0.431655
6.890000	0.432911
6.910000	0.434168
6.930000	0.435425
6.950000	0.436681
6.970000	0.437938
6.990000	0.439195
7.010000	0.440451
7.030000	0.441708
7.050000	0.442965
7.070000	0.444221
7.090000	0.445478
7.110000	0.446734
7.130000	0.447991
7.150000	0.449248
7.170000	0.450504
7.190000	0.451761
7.210000	0.453018
7.230000	0.454274
7.250000	0.455531
7.270000	0.456788
7.290000	0.458044
7.310000	0.459301
7.330000	0.460557
7.350000	0.461814
7.370000	0.463071
7.390000	0.464327
7.410000	0.465584
7.430000	0.466841
7.450000	0.468097
7.470000	0.469354
7.490000	0.470611
7.510000	0.471867
7.530000	0.473124
7.550000	0.474380
7.570000	0.475637
7.590000	0.476894
7.610000	0.478150
7.630000	0.479407
7.650000	0.480664
7.670000	0.481920
7.690000	0.483177
7.710000	0.484434
7.730000	0.485690
7.750000	0.486947
7.770000	0.488203
7.790000	0.489460
7.810000	0.490717
7.830000	0.491973
7.850000	0.493230
7.870000	0.494487
7.890000	0.495743
7.910000	0.497000
7.930000	0.498257
7.950000	0.499513
7.970000	0.500770
7.990000	0.502027
8.010000	0.503283
8.030000	0.504540
8.050000	0.505796
8.070000	0.507053
8.090000	0.508310
8.110000	0.509566
8.130000	0.510823
8.150000	0.512080
8.170000	0.513336
8.190000	0.514593
8.210000	0.515850
8.230000	0.517106
8.250000	0.518363
8.270000	0.519619
8.290000	0.520876
8.310000	0.522133
8.330000	0.523389
8.350000	0.524646
8.370000	0.525903
8.390000	0.527159
8.410000	0.528416
8.430000	0.529673
8.450000	0.530929
8.470000	0.532186
8.490000	0.533442
8.510000	0.534699
8.530000	0.535956
8.550000	0.537212
8.570000	0.538469
8.590000	0.539726
8.610000	0.540982
8.630000	0.542239
8.650000	0.543496
8.670000	0.544752
8.690000	0.546009
8.710000	0.547265
8.730000	0.548522
8.750000	0.549779
8.770000	0.551035
8.790000	0.552292
8.810000	0.553549
8.830000	0.554805
8.850000	0.556062
8.870000	0.557319
8.890000	0.558575
8.910000	0.559832
8.930000	0.561088
8.950000	0.562345
8.970000	0.563602
8.990000	0.564858
9.010000	0.566115
9.030000	0.567372
9.050000	0.568628
9.070000	0.569885
9.090000	0.571142
9.110000	0.572398
9.130000	0.573655
9.150000	0.574911
9.170000	0.576168
9.190000	0.577425
9.210000	0.578681
9.230000	0.579938
9.250000	0.581195
9.270000	0.582451
9.290000	0.583708
9.310000	0.584965
9.330000	0.586221
9.350000	0.587478
9.370000	0.588734
9.390000	0.589991
9.410000	0.591248
9.430000	0.592504
9.450000	0.593761
9.470000	0.595018
9.490000	0.596274
9.510000	0.597531
9.530000	0.598788
9.550000	0.600044
9.570000	0.601301
9.590000	0.602557
9.610000	0.603814
9.630000	0.605071
9.650000	0.606327
9.670000	0.607584
9.690000	0.608841
9.710000	0.610097
9.730000	0.611354
9.750000	0.612611
9.770000	0.613867
9.790000	0.615124
9.810000	0.616380
9.830000	0.617637
9.850000	0.618894
9.870000	0.620150
9.890000	0.621407
9.910000	0.622664
9.930000	0.623920
9.950000	0.625177
9.970000	0.626434
9.990000	0.627690
10.010000	0.628947
10.030000	0.630203
10.050000	0.631460
10.070000	0.632717
10.090000	0.633973
10.110000	0.635230
10.130000	0.636487
10.150000	0.637743
10.170000	0.639000
10.190000	0.640257
10.210000	0.641513
10.230000	0.642770
10.250000	0.644026
10.270000	0.645283
10.290000	0.646540
10.310000	0.647796
10.330000	0.649053
10.350000	0.650310
10.370000	0.651566
10.390000	0.652823
10.410000	0.654080
10.430000	0.655336
10.450000	0.656593
10.470000	0.657849
10.490000	0.659106
10.510000	0.660363
10.530000	0.661619
10.550000	0.662876
10.570000	0.664133
10.590000	0.665389
10.610000	0.666646
10.630000	0.667903
10.650000	0.669159
10.670000	0.670416
10.690000	0.671673
10.710000	0.672929
10.730000	0.674186
10.750000	0.675442
10.770000	0.676699
10.790000	0.677956
10.810000	0.679212
10.830000	0.680469
10.850000	0.681726
10.870000	0.682982
10.890000	0.684239
10.910000	0.685496
10.930000	0.686752
10.950000	0.688009
10.970000	0.689265
10.990000	0.690522
11.010000	0.691779
11.030000	0.693035
11.050000	0.694292
11.070000	0.695549
11.090000	0.696805
11.110000	0.698062
11.130000	0.699319
11.150000	0.700575
11.170000	0.701832
11.190000	0.703088
11.210000	0.704345
11.230000	0.705602
11.250000	0.706858
11.270000	0.708115
11.290000	0.709372
11.310000	0.710628
11.330000	0.711885
11.350000	0.713142
11.370000	0.714398
11.390000	0.715655
11.410000	0.716911
11.430000	0.718168
11.450000	0.719425
11.470000	0.720681
11.490000	0.721938
11.510000	0.723195
11.530000	0.724451
11.550000	0.725708
11.570000	0.726965
11.590000	0.728221
11.610000	0.729478
11.630000	0.730734
11.650000	0.731991
11.670000	0.733248
11.690000	0.734504
11.710000	0.735761
11.730000	0.737018
11.750000	0.738274
11.770000	0.739531
11.790000	0.740788
11.810000	0.742044
11.830000	0.743301
11.850000	0.744557
11.870000	0.745814
11.890000	0.747071
11.910000	0.748327
11.930000	0.749584
11.950000	0.750841
11.970000	0.752097
11.990000	0.753354
12.010000	0.754611
12.030000	0.755867
12.050000	0.757124
12.070000	0.758380
12.090000	0.759637
12.110000	0.760894
12.130000	0.762150
12.150000	0.763407
12.170000	0.764664
12.190000	0.765920
12.210000	0.767177
12.230000	0.768434
12.250000	0.769690
12.270000	0.770947
12.290000	0.772203
12.310000	0.773460
12.330000	0.774717
12.350000	0.775973
12.370000	0.777230
12.390000	0.778487
12.410000	0.779743
12.430000	0.781000
12.450000	0.782257
12.470000	0.783513
12.490000	0.784770
12.510000	0.786026
12.530000	0.787283
12.550000	0.788540
12.570000	0.789796
12.590000	0.791053
12.610000	0.792309
12.630000	0.793566
12.650000	0.794822
12.670000	0.796079
12.690000	0.797335
12.710000	0.798591
12.730000	0.799847
12.750000	0.801103
12.770000	0.802359
12.790000	0.803614
12.810000	0.804869
12.830000	0.806124
12.850000	0.807378
12.870000	0.808631
12.890000	0.809884
12.910000	0.811136
12.930000	0.812386
12.950000	0.813635
12.970000	0.814882
12.990000	0.816127
13.010000	0.817370
13.030000	0.818610
13.050000	0.819846
13.070000	0.821078
13.090000	0.822305
13.110000	0.823526
13.130000	0.824741
13.150000	0.825948
13.170000	0.827146
13.190000	0.828333
13.210000	0.829509
13.230000	0.830671
13.250000	0.831817
13.270000	0.832946
13.290000	0.834055
13.310000	0.835141
13.330000	0.836203
13.350000	0.837236
13.370000	0.838238
13.390000	0.839205
13.410000	0.840134
13.430000	0.841020
13.450000	0.841859
13.470000	0.842648
13.490000	0.843380
13.510000	0.844051
13.530000	0.844655
13.550000	0.845189
13.570000	0.845645
13.590000	0.846018
13.610000	0.846301
13.630000	0.846489
13.650000	0.846576
13.670000	0.846553
13.690000	0.846417
13.710000	0.846159
13.730000	0.845773
13.750000	0.845253
13.770000	0.844591
13.790000	0.843782
13.810000	0.842821
13.830000	0.841695
13.850000	0.840408
13.870000	0.838945
13.890000	0.837305
13.910000	0.835484
13.930000	0.833472
13.950000	0.831270
13.970000	0.828868
13.990000	0.826266
14.010000	0.823459
14.030000	0.820445
14.050000	0.817218
14.070000	0.813781
14.090000	0.810127
14.110000	0.806260
14.130000	0.802174
14.150000	0.797871
14.170000	0.793353
14.190000	0.788622
14.210000	0.783669
14.230000	0.778510
14.250000	0.773139
14.270000	0.767559
14.290000	0.761779
14.310000	0.755792
14.330000	0.749617
14.350000	0.743241
14.370000	0.736685
14.390000	0.729946
14.410000	0.723027
14.430000	0.715946
14.450000	0.708694
14.470000	0.701291
14.490000	0.693736
14.510000	0.686038
14.530000	0.678205
14.550000	0.670245
14.570000	0.662165
14.590000	0.653971
14.610000	0.645674
14.630000	0.637281
14.650000	0.628797
14.670000	0.620233
14.690000	0.611598
14.710000	0.602900
14.730000	0.594138
14.750000	0.585339
14.770000	0.576489
14.790000	0.567612
14.810000	0.558707
14.830000	0.549784
14.850000	0.540850
14.870000	0.531916
14.890000	0.522979
14.910000	0.514055
14.930000	0.505149
14.950000	0.496266
14.970000	0.487406
14.990000	0.478590
15.010000	0.469814
15.030000	0.461077
15.050000	0.452401
15.070000	0.443772
15.090000	0.435214
15.110000	0.426714
15.130000	0.418290
15.150000	0.409939
15.170000	0.401666
15.190000	0.393473
15.210000	0.385372
15.230000	0.377348
15.250000	0.369429
15.270000	0.361594
15.290000	0.353858
15.310000	0.346222
15.330000	0.338689
15.350000	0.331256
15.370000	0.323930
15.390000	0.316706
15.410000	0.309596
15.430000	0.302590
15.450000	0.295693
15.470000	0.288911
15.490000	0.282237
15.510000	0.275674
15.530000	0.269226
15.550000	0.262888
15.570000	0.256663
15.590000	0.250550
15.610000	0.244548
15.630000	0.238661
15.650000	0.232882
15.670000	0.227216
15.690000	0.221661
15.710000	0.216214
15.730000	0.210880
15.750000	0.205652
15.770000	0.200530
15.790000	0.195517
15.810000	0.190608
15.830000	0.185805
15.850000	0.181102
15.870000	0.176505
15.890000	0.172007
15.910000	0.167610
15.930000	0.163308
15.950000	0.159108
15.970000	0.155000
15.990000	0.150989
16.010000	0.147069
16.030000	0.143240
16.050000	0.139502
16.070000	0.135852
16.090000	0.132289
16.110000	0.128812
16.130000	0.125420
16.150000	0.122108
16.170000	0.118880
16.190000	0.115730
16.210000	0.112659
16.230000	0.109663
16.250000	0.106743
16.270000	0.103897
16.290000	0.101123
16.310000	0.098420
16.330000	0.095786
16.350000	0.093219
16.370000	0.090720
16.390000	0.088284
16.410000	0.085913
16.430000	0.083604
16.450000	0.081355
16.470000	0.079166
16.490000	0.077035
16.510000	0.074961
16.530000	0.072943
16.550000	0.070978
16.570000	0.069067
16.590000	0.067207
16.610000	0.065398
16.630000	0.063638
16.650000	0.061927
16.670000	0.060261
16.690000	0.058642
16.710000	0.057068
16.730000	0.055537
16.750000	0.054049
16.770000	0.052602
16.790000	0.051196
16.810000	0.049829
16.830000	0.048500
16.850000	0.047209
16.870000	0.045954
16.890000	0.044735
16.910000	0.043550
16.930000	0.042399
16.950000	0.041282
16.970000	0.040195
16.990000	0.039140
17.010000	0.038116
17.030000	0.037121
17.050000	0.036154
17.070000	0.035216
17.090000	0.034304
17.110000	0.033420
17.130000	0.032561
17.150000	0.031727
17.170000	0.030917
17.190000	0.030132
17.210000	0.029369
17.230000	0.028629
17.250000	0.027910
17.270000	0.027213
17.290000	0.026536
17.310000	0.025880
17.330000	0.025243
17.350000	0.024625
17.370000	0.024025
17.390000	0.023444
17.410000	0.022879
17.430000	0.022332
17.450000	0.021801
17.470000	0.021286
17.490000	0.020787
17.510000	0.020303
17.530000	0.019833
17.550000	0.019378
17.570000	0.018936
17.590000	0.018508
17.610000	0.018093
17.630000	0.017691
17.650000	0.017301
17.670000	0.016923
17.690000	0.016556
17.710000	0.016201
17.730000	0.015857
17.750000	0.015523
17.770000	0.015200
17.790000	0.014887
17.810000	0.014583
17.830000	0.014289
17.850000	0.014005
17.870000	0.013729
17.890000	0.013461
17.910000	0.013203
17.930000	0.012952
17.950000	0.012709
17.970000	0.012474
17.990000	0.012246
18.010000	0.012025
18.030000	0.011812
18.050000	0.011605
18.070000	0.011405
18.090000	0.011211
18.110000	0.011024
18.130000	0.010842
18.150000	0.010667
18.170000	0.010497
18.190000	0.010332
18.210000	0.010173
18.230000	0.010019
18.250000	0.009870
18.270000	0.009726
18.290000	0.009587
18.310000	0.009452
18.330000	0.009322
18.350000	0.009196
18.370000	0.009074
18.390000	0.008956
18.410000	0.008843
18.430000	0.008733
18.450000	0.008626
18.470000	0.008523
18.490000	0.008424
18.510000	0.008328
18.530000	0.008236
18.550000	0.008146
18.570000	0.008060
18.590000	0.007976
18.610000	0.007895
18.630000	0.007818
18.650000	0.007743
18.670000	0.007670
18.690000	0.007600
18.710000	0.007533
18.730000	0.007468
18.750000	0.007405
18.770000	0.007344
18.790000	0.007286
18.810000	0.007230
18.830000	0.007175
18.850000	0.007123
18.870000	0.007073
18.890000	0.007024
18.910000	0.006977
18.930000	0.006932
18.950000	0.006889
18.970000	0.006847
18.990000	0.006807
19.010000	0.006769
19.030000	0.006732
19.050000	0.006696
19.070000	0.006662
19.090000	0.006629
19.110000	0.006597
19.130000	0.006567
19.150000	0.006538
19.170000	0.006510
19.190000	0.006483
19.210000	0.006457
19.230000	0.006433
19.250000	0.006409
19.270000	0.006386
19.290000	0.006365
19.310000	0.006344
19.330000	0.006324
19.350000	0.006305
19.370000	0.006287
19.390000	0.006270
19.410000	0.006253
19.430000	0.006238
19.450000	0.006223
19.470000	0.006209
19.490000	0.006195
19.510000	0.006182
19.530000	0.006170
19.550000	0.006158
19.570000	0.006147
19.590000	0.006137
19.610000	0.006127
19.630000	0.006118
19.650000	0.006109
19.670000	0.006101
19.690000	0.006093
19.710000	0.006086
19.730000	0.006079
19.750000	0.006073
19.770000	0.006067
19.790000	0.006061
19.810000	0.006056
19.830000	0.006051
19.850000	0.006047
19.870000	0.006043
19.890000	0.006040
19.910000	0.006036
19.930000	0.006033
19.950000	0.006031
19.970000	0.006028

MC Glauber:
b[fm]	dsigma/db[barn/fm]	error
0.250000	0.014326	0.001897
0.750000	0.049009	0.003510
1.250000	0.070623	0.004213
1.750000	0.108071	0.005212
2.250000	0.139487	0.005921
2.750000	0.171908	0.006573
3.250000	0.198046	0.007055
3.750000	0.228457	0.007577
4.250000	0.269926	0.008237
4.750000	0.286263	0.008482
5.250000	0.308882	0.008811
5.750000	0.360907	0.009524
6.250000	0.398606	0.010009
6.750000	0.427258	0.010363
7.250000	0.434043	0.010444
7.750000	0.465962	0.010822
8.250000	0.522511	0.011460
8.750000	0.538093	0.011629
9.250000	0.585092	0.012126
9.750000	0.580819	0.012082
10.250000	0.624299	0.012526
10.750000	0.664763	0.012926
11.250000	0.698943	0.013254
11.750000	0.730359	0.013548
12.250000	0.787913	0.014072
12.750000	0.815811	0.014319
13.250000	0.811789	0.014284
13.750000	0.741166	0.013648
14.250000	0.643902	0.012721
14.750000	0.477523	0.010955
15.250000	0.317427	0.008932
15.750000	0.193020	0.006965
16.250000	0.102793	0.005083
16.750000	0.049009	0.003510
17.250000	0.022620	0.002384
17.750000	0.010304	0.001609
18.250000	0.004524	0.001066
18.750000	0.003016	0.000871
19.250000	0.001005	0.000503
