// eta > 0
// x y dy
0.006283	12.355140	0.028043
0.018850	12.333116	0.028018
0.031416	12.301545	0.027982
0.043982	12.245341	0.027918
0.056549	12.166987	0.027829
0.069115	12.023517	0.027664
0.081681	11.955219	0.027586
0.094248	11.829508	0.027440
0.106814	11.667834	0.027252
0.119381	11.763311	0.027363
0.131947	11.897742	0.027519
0.144513	11.903153	0.027525
0.157080	11.908436	0.027532
0.169646	11.950700	0.027580
0.182212	12.167114	0.027829
0.194779	12.262400	0.027938
0.207345	12.361823	0.028051
0.219911	12.445079	0.028145
0.232478	12.508985	0.028217
0.245044	12.482060	0.028187
0.257611	12.511212	0.028220
0.270177	12.441260	0.028141
0.282743	12.498482	0.028205
0.295310	12.354440	0.028042
0.307876	12.330825	0.028016
0.320442	12.155530	0.027816
0.333009	11.985326	0.027620
0.345575	11.804621	0.027411
0.358142	11.583560	0.027153
0.370708	11.563255	0.027130
0.383274	11.676873	0.027263
0.395841	11.747844	0.027345
0.408407	11.802838	0.027409
0.420973	11.889786	0.027510
0.433540	11.767639	0.027368
0.446106	11.774323	0.027376
0.458673	11.800993	0.027407
0.471239	11.852359	0.027467
0.483805	11.801374	0.027408
0.496372	11.946054	0.027575
0.508938	11.979916	0.027614
0.521504	11.979598	0.027614
0.534071	11.871136	0.027488
0.546637	11.838992	0.027451
0.559203	11.681328	0.027268
0.571770	11.695013	0.027284
0.584336	11.780051	0.027383
0.596903	11.786098	0.027390
0.609469	11.735432	0.027331
0.622035	11.614813	0.027190
0.634602	11.671144	0.027256
0.647168	11.559436	0.027125
0.659734	11.464341	0.027013
0.672301	11.469879	0.027020
0.684867	11.658605	0.027241
0.697434	11.720919	0.027314
0.710000	11.754782	0.027353
0.722566	11.967504	0.027600
0.735133	12.134016	0.027791
0.747699	12.350366	0.028038
0.760265	12.429739	0.028128
0.772832	12.415354	0.028111
0.785398	12.483270	0.028188
0.797965	12.487598	0.028193
0.810531	12.273794	0.027951
0.823097	12.124913	0.027781
0.835664	12.043058	0.027687
0.848230	11.857133	0.027472
0.860796	11.591326	0.027163
0.873363	11.474398	0.027025
0.885929	11.411511	0.026951
0.898495	11.314188	0.026836
0.911062	11.345887	0.026873
0.923628	11.440281	0.026985
0.936195	11.483437	0.027036
0.948761	11.505842	0.027062
0.961327	11.438945	0.026983
0.973894	11.547088	0.027111
0.986460	11.563574	0.027130
0.999026	11.652176	0.027234
1.011593	11.818624	0.027428
1.024159	11.916710	0.027541
1.036726	11.942044	0.027570
1.049292	11.984499	0.027619
1.061858	11.887494	0.027507
1.074425	11.865917	0.027482
1.086991	11.887304	0.027507
1.099557	11.900734	0.027523
1.112124	11.784761	0.027388
1.124690	11.855287	0.027470
1.137257	11.928040	0.027554
1.149823	11.859997	0.027475
1.162389	11.731358	0.027326
1.174956	11.857451	0.027473
1.187522	11.997165	0.027634
1.200088	11.916583	0.027541
1.212655	12.009259	0.027648
1.225221	12.116957	0.027772
1.237788	12.051969	0.027697
1.250354	12.143309	0.027802
1.262920	12.314721	0.027997
1.275487	12.267237	0.027943
1.288053	12.314276	0.027997
1.300619	12.445461	0.028145
1.313186	12.532917	0.028244
1.325752	12.429866	0.028128
1.338318	12.333244	0.028018
1.350885	12.299954	0.027980
1.363451	12.055024	0.027700
1.376018	11.939434	0.027567
1.388584	11.739251	0.027335
1.401150	11.624042	0.027201
1.413717	11.403936	0.026942
1.426283	11.311770	0.026833
1.438849	11.455939	0.027003
1.451416	11.508897	0.027066
1.463982	11.663251	0.027247
1.476549	11.762865	0.027363
1.489115	12.017088	0.027657
1.501681	12.183218	0.027847
1.514248	12.139871	0.027798
1.526814	12.022053	0.027663
1.539380	11.886158	0.027506
1.551947	11.642565	0.027222
1.564513	10.102715	0.025358
1.577080	11.285927	0.026802
1.589646	12.115620	0.027770
1.602212	12.251261	0.027925
1.614779	12.309120	0.027991
1.627345	12.245978	0.027919
1.639911	12.118294	0.027773
1.652478	11.907481	0.027530
1.665044	11.626716	0.027204
1.677610	11.545942	0.027109
1.690177	11.457976	0.027006
1.702743	11.450784	0.026997
1.715310	11.433789	0.026977
1.727876	11.435826	0.026980
1.740442	11.476181	0.027027
1.753009	11.553517	0.027118
1.765575	11.649439	0.027231
1.778141	11.862098	0.027478
1.790708	12.115620	0.027770
1.803274	12.179272	0.027843
1.815841	12.300654	0.027981
1.828407	12.214216	0.027883
1.840973	12.208806	0.027877
1.853540	12.239358	0.027911
1.866106	12.222745	0.027893
1.878672	12.125995	0.027782
1.891239	11.895769	0.027517
1.903805	11.825689	0.027436
1.916372	11.671717	0.027257
1.928938	11.524874	0.027085
1.941504	11.572994	0.027141
1.954071	11.527292	0.027087
1.966637	11.428251	0.026971
1.979203	11.555935	0.027121
1.991770	11.657268	0.027240
2.004336	11.668789	0.027253
2.016902	11.852805	0.027467
2.029469	11.877820	0.027496
2.042035	11.705134	0.027296
2.054602	11.631808	0.027210
2.067168	11.650903	0.027232
2.079734	11.682729	0.027269
2.092301	11.753000	0.027351
2.104867	11.792909	0.027398
2.117433	11.919384	0.027544
2.130000	11.968968	0.027601
2.142566	11.990037	0.027626
2.155133	12.046941	0.027691
2.167699	11.907863	0.027531
2.180265	11.866362	0.027483
2.192832	11.738360	0.027334
2.205398	11.704879	0.027295
2.217964	11.675472	0.027261
2.230531	11.683492	0.027270
2.243097	11.634799	0.027213
2.255664	11.633845	0.027212
2.268230	11.688712	0.027276
2.280796	11.749244	0.027347
2.293363	11.991310	0.027627
2.305929	12.113711	0.027768
2.318495	12.228410	0.027899
2.331062	12.382510	0.028074
2.343628	12.366788	0.028056
2.356194	12.370098	0.028060
2.368761	12.493899	0.028200
2.381327	12.677469	0.028407
2.393894	12.585621	0.028304
2.406460	12.382892	0.028075
2.419026	12.329297	0.028014
2.431593	11.930204	0.027557
2.444159	11.762102	0.027362
2.456725	11.676173	0.027262
2.469292	11.722574	0.027316
2.481858	11.717800	0.027310
2.494425	11.649375	0.027230
2.506991	11.746571	0.027344
2.519557	11.910473	0.027534
2.532124	11.864453	0.027481
2.544690	11.838228	0.027450
2.557256	11.951146	0.027581
2.569823	12.055661	0.027701
2.582389	12.196839	0.027863
2.594956	12.130515	0.027787
2.607522	12.135989	0.027793
2.620088	12.297854	0.027978
2.632655	12.153556	0.027813
2.645221	12.334453	0.028020
2.657787	12.259663	0.027935
2.670354	12.151010	0.027811
2.682920	12.198876	0.027865
2.695486	12.117594	0.027772
2.708053	12.061517	0.027708
2.720619	12.100153	0.027752
2.733186	12.142736	0.027801
2.745752	12.117021	0.027772
2.758318	11.955028	0.027585
2.770885	12.081949	0.027731
2.783451	12.119248	0.027774
2.796017	12.199894	0.027866
2.808584	12.235157	0.027907
2.821150	12.441005	0.028140
2.833717	12.579574	0.028297
2.846283	12.514331	0.028223
2.858849	12.498164	0.028205
2.871416	12.474358	0.028178
2.883982	12.525661	0.028236
2.896548	12.597969	0.028317
2.909115	12.580401	0.028298
2.921681	12.451826	0.028153
2.934248	12.297472	0.027978
2.946814	12.218481	0.027888
2.959380	11.966358	0.027598
2.971947	11.982653	0.027617
2.984513	11.920911	0.027546
2.997079	11.812895	0.027421
3.009646	11.802138	0.027408
3.022212	11.735623	0.027331
3.034779	11.811368	0.027419
3.047345	11.743261	0.027340
3.059911	11.640846	0.027220
3.072478	11.730149	0.027325
3.085044	11.944844	0.027574
3.097610	11.977752	0.027612
3.110177	12.052096	0.027697
3.122743	12.072783	0.027721
3.135309	12.160813	0.027822
3.147876	12.403324	0.028098
3.160442	12.304601	0.027986
3.173009	12.325415	0.028009
3.185575	12.316312	0.027999
3.198141	12.308420	0.027990
3.210708	12.351575	0.028039
3.223274	12.245596	0.027919
3.235840	12.107155	0.027760
3.248407	11.964385	0.027596
3.260973	11.918174	0.027543
3.273540	11.805830	0.027413
3.286106	11.836764	0.027449
3.298672	11.890613	0.027511
3.311239	11.903025	0.027525
3.323805	11.976797	0.027610
3.336371	12.112374	0.027766
3.348938	12.205941	0.027873
3.361504	12.412999	0.028109
3.374071	12.559842	0.028275
3.386637	12.575627	0.028292
3.399203	12.541065	0.028253
3.411770	12.588930	0.028307
3.424336	12.549721	0.028263
3.436902	12.609872	0.028331
3.449469	12.493072	0.028199
3.462035	12.197094	0.027863
3.474601	11.934342	0.027561
3.487168	11.858851	0.027474
3.499734	11.750517	0.027348
3.512301	11.804239	0.027411
3.524867	11.863434	0.027479
3.537433	11.739251	0.027335
3.550000	11.672544	0.027257
3.562566	11.797046	0.027402
3.575132	11.919957	0.027545
3.587699	12.068518	0.027716
3.600265	12.093597	0.027745
3.612832	12.151774	0.027811
3.625398	12.095507	0.027747
3.637964	11.999393	0.027636
3.650531	11.998566	0.027636
3.663097	11.957765	0.027589
3.675663	12.113393	0.027767
3.688230	12.217653	0.027887
3.700796	12.233375	0.027905
3.713363	12.165077	0.027827
3.725929	12.183282	0.027847
3.738495	12.079085	0.027728
3.751062	12.029500	0.027671
3.763628	12.087805	0.027738
3.776194	12.153938	0.027814
3.788761	12.108619	0.027762
3.801327	11.976988	0.027611
3.813893	12.010978	0.027650
3.826460	11.946372	0.027575
3.839026	11.827599	0.027438
3.851593	11.941662	0.027570
3.864159	12.149355	0.027809
3.876725	12.311093	0.027993
3.889292	12.382128	0.028074
3.901858	12.406252	0.028101
3.914424	12.498164	0.028205
3.926991	12.569071	0.028285
3.939557	12.474549	0.028178
3.952124	12.660156	0.028387
3.964690	12.462392	0.028165
3.977256	12.279777	0.027958
3.989823	12.100344	0.027752
4.002389	11.882084	0.027501
4.014955	11.714172	0.027306
4.027522	11.555299	0.027120
4.040088	11.515899	0.027074
4.052655	11.433725	0.026977
4.065221	11.517999	0.027076
4.077787	11.549443	0.027113
4.090354	11.610103	0.027184
4.102920	11.591198	0.027162
4.115486	11.689730	0.027278
4.128053	11.701951	0.027292
4.140619	11.731294	0.027326
4.153185	11.768530	0.027369
4.165752	11.770695	0.027372
4.178318	11.898506	0.027520
4.190885	11.942044	0.027570
4.203451	11.909709	0.027533
4.216017	12.002258	0.027640
4.228584	11.972278	0.027605
4.241150	11.893669	0.027514
4.253716	11.927340	0.027553
4.266283	11.914928	0.027539
4.278849	11.827853	0.027438
4.291416	11.805257	0.027412
4.303982	11.847585	0.027461
4.316548	11.823843	0.027434
4.329115	11.690430	0.027278
4.341681	11.779160	0.027382
4.354247	11.781643	0.027385
4.366814	11.854969	0.027470
4.379380	12.207469	0.027875
4.391947	12.410516	0.028106
4.404513	12.377990	0.028069
4.417079	12.430312	0.028128
4.429646	12.397340	0.028091
4.442212	12.235285	0.027907
4.454778	12.331080	0.028016
4.467345	12.335853	0.028021
4.479911	12.302818	0.027984
4.492477	12.279713	0.027957
4.505044	12.269020	0.027945
4.517610	11.935933	0.027563
4.530177	11.700806	0.027290
4.542743	11.435126	0.026979
4.555309	11.318007	0.026840
4.567876	11.177084	0.026673
4.580442	11.250028	0.026760
4.593008	11.264222	0.026777
4.605575	11.322081	0.026845
4.618141	11.292547	0.026810
4.630708	11.463387	0.027012
4.643274	11.854587	0.027469
4.655840	12.040194	0.027683
4.668407	12.053051	0.027698
4.680973	12.032237	0.027674
4.693539	11.954901	0.027585
4.706106	10.962897	0.026416
4.718672	9.753461	0.024916
4.731239	11.363072	0.026894
4.743805	11.707807	0.027299
4.756371	11.878711	0.027497
4.768938	11.933196	0.027560
4.781504	11.791763	0.027396
4.794070	11.948027	0.027577
4.806637	11.957574	0.027588
4.819203	11.735050	0.027330
4.831770	11.518509	0.027077
4.844336	11.382741	0.026917
4.856902	11.298148	0.026817
4.869469	11.443273	0.026988
4.882035	11.504696	0.027061
4.894601	11.676745	0.027262
4.907168	11.845803	0.027459
4.919734	12.055661	0.027701
4.932300	12.240058	0.027912
4.944867	12.396895	0.028091
4.957433	12.492244	0.028198
4.970000	12.356222	0.028044
4.982566	12.354058	0.028042
4.995132	12.326306	0.028010
5.007699	12.277804	0.027955
5.020265	12.072147	0.027720
5.032831	11.998248	0.027635
5.045398	11.940070	0.027568
5.057964	11.815250	0.027424
5.070531	11.663379	0.027247
5.083097	11.593808	0.027165
5.095663	11.477454	0.027029
5.108230	11.434616	0.026978
5.120796	11.409220	0.026948
5.133362	11.603928	0.027177
5.145929	11.776869	0.027379
5.158495	11.778651	0.027381
5.171062	11.667198	0.027251
5.183628	11.745043	0.027342
5.196194	11.725375	0.027319
5.208761	11.732377	0.027327
5.221327	11.777951	0.027380
5.233893	11.849176	0.027463
5.246460	11.852041	0.027466
5.259026	11.851850	0.027466
5.271592	11.876674	0.027495
5.284159	11.757010	0.027356
5.296725	11.755927	0.027355
5.309292	11.743006	0.027340
5.321858	11.762293	0.027362
5.334424	11.676364	0.027262
5.346991	11.717673	0.027310
5.359557	11.580123	0.027149
5.372123	11.562237	0.027128
5.384690	11.469243	0.027019
5.397256	11.532066	0.027093
5.409823	11.608066	0.027182
5.422389	11.757519	0.027357
5.434955	11.971387	0.027604
5.447522	12.078512	0.027727
5.460088	12.172715	0.027835
5.472654	12.303964	0.027985
5.485221	12.170233	0.027833
5.497787	12.311984	0.027994
5.510354	12.435086	0.028134
5.522920	12.362969	0.028052
5.535486	12.236303	0.027908
5.548053	12.013460	0.027653
5.560619	11.951719	0.027582
5.573185	11.769231	0.027370
5.585752	11.596354	0.027168
5.598318	11.464660	0.027014
5.610884	11.412275	0.026952
5.623451	11.549061	0.027113
5.636017	11.593617	0.027165
5.648584	11.622324	0.027199
5.661150	11.679037	0.027265
5.673716	11.728176	0.027322
5.686283	11.763629	0.027364
5.698849	11.750581	0.027348
5.711415	11.825116	0.027435
5.723982	11.951146	0.027581
5.736548	12.104800	0.027758
5.749115	12.047895	0.027692
5.761681	12.074374	0.027723
5.774247	11.928804	0.027555
5.786814	11.863753	0.027480
5.799380	11.846503	0.027460
5.811946	11.918747	0.027543
5.824513	11.959166	0.027590
5.837079	11.972087	0.027605
5.849646	12.016452	0.027656
5.862212	11.977497	0.027611
5.874778	11.856878	0.027472
5.887345	11.765921	0.027366
5.899911	11.650967	0.027232
5.912477	11.862161	0.027478
5.925044	12.048659	0.027693
5.937610	12.038348	0.027681
5.950176	12.094170	0.027745
5.962743	12.153302	0.027813
5.975309	12.250434	0.027924
5.987876	12.406634	0.028102
6.000442	12.457682	0.028159
6.013008	12.491417	0.028197
6.025575	12.495300	0.028202
6.038141	12.534190	0.028246
6.050707	12.454627	0.028156
6.063274	12.432985	0.028131
6.075840	12.257181	0.027932
6.088407	11.901498	0.027524
6.100973	11.758155	0.027357
6.113539	11.713663	0.027305
6.126106	11.614176	0.027189
6.138672	11.620032	0.027196
6.151238	11.599918	0.027173
6.163805	11.537859	0.027100
6.176371	11.668916	0.027253
6.188938	11.697496	0.027287
6.201504	11.794436	0.027399
6.214070	11.964512	0.027596
6.226637	12.108428	0.027762
6.239203	12.106327	0.027759
6.251769	12.102508	0.027755
6.264336	12.273984	0.027951
6.276902	12.348202	0.028035
