Cu+Cu 200 GeV:
-------------
Npart   err       sigma_dyn      err
-------------------------
99		1.5	2.23418		0.156392
74.55	1.3	2.56175	0.179322
53.67	1	2.98357	0.20885
37.75	0.7	3.42154	0.239507
26.24	0.54	3.98574	0.279002
17.23	0.4	4.67112	0.326978

Cu+Cu 62.4 GeV:
-------------
96.4	2.6	2.43404	0.219064
72.15	1.85	2.74954	0.247459
51.77	1.2	3.11948	0.280753
36.18	0.77	3.5294	0.317646
24.89	0.6	4.04502	0.364052
16.33	0.35	4.65857	0.419272

Au+Au 200 GeV:
------------- 
351.9	4.11	1.08641	0.130369
298.87	7.31	1.21232	0.145479
234.54	9.07	1.42926	0.171511
166.63	10.07	1.73884	0.20866
115.49	9.64	2.12059	0.254471
76.66	9.07	2.5187	0.302244
47.25	8.11	3.06178	0.367413
26.93	6.5	3.7106	0.445272
14.05	3.97	4.91714	0.590057

Au+Au 62.4 GeV:
-------------
351.9	4.11	1.8094	0.27141
298.87	7.31	1.82289	0.273434
234.54	9.07	1.91422	0.287133
166.63	10.07	2.08715	0.313072
115.49	9.64	2.34048	0.351071
76.66	9.07	2.71669	0.407503
47.25	8.11	3.18907	0.478361
26.93	6.5	3.90999	0.586499
14.05	3.97	5.05499	0.758248
