=======================================
a). Correlation vs. Npart
     ----------------
Npart   err      corr              err
----------------------------
Cu+Cu 200 GeV:
--------------
99       1.5     169.501         45.7653
74.55    1.3     224.45		 29.1785	
53.67    1       292.939         49.7996
37.75    0.7     384.581         46.1497
26.24    0.54    502.295         65.2984
17.23    0.4     698.164         83.7797

Cu+Cu 62.4 GeV:
--------------
96.4     2.6     197.286         61.1587
72.15    1.85    253.401         68.4183
51.77    1.2     312.253         56.2055
36.18    0.77    389.002         73.9104
24.89    0.6     482.472         91.6697
16.33    0.35    662.329         132.466

=======================================

b).  0.5*Npart*correlation vs. Npart:
      -------------------------
Npart   err      0.5*Npart*corr              err
--------------------------------
Cu+Cu 200 GeV:
-------------
99		1.5	 8390.3	2268.95
74.55	1.3	 8366.37	1097.37
53.67	1	 7861.02	1344.37
37.75	0.7	 7258.97	881.414
26.24	0.54	 6590.11	867.383
17.23	0.4	 6014.68	735.145

Cu+Cu 62.4 GeV:
-------------
96.4	 2.6	 9509.19	2958.99
72.15	 1.85	 9141.44	2479.3
51.77	 1.2	 8082.67	1466.89
36.18	 0.77	 7037.05	1345.4
24.89	 0.6	 6004.36	1149.97
16.33	 0.35	 5407.92	1087.78

Au+Au 200 GeV:
-------------
352	 5.5	 6908	495.46
297.8	 9.6	 7251.43	558.839
232.5	 10.9	 7598.1	640.132
165.2	 12.9	 7837.09	821.871
114.4	 12.6	 7813.52	1019.68
76.1	 10.7	 7195.25	1130.13
47.3	 9.2	 6300.36	1302.38
26.9	 7.2	 5375.97	1487.31
13.4	 3.9	 4515.8	1351.78

Au+Au 62.4 GeV:
-------------
352	 5.5	 6033.28	432.723
297.8	 9.6	 6346.12	489.071
232.5	 10.9	 6723.9	566.482
165.2	 12.9	 6851.67	718.531
114.4	 12.6	 6743.88	880.09
76.1	 10.7	 6449.48	1012.99
47.3	 9.2	 5820.27	1203.14
26.9	 7.2	 5043.75	1395.4
13.4	 3.9	 4413.29	1321.09

=======================================

c). sqrt(correlation)/<pt> vs. Npart
     -------------------------
Cu+Cu 200 GeV:
-------------
99	1.5	2.24277	0.610053
74.55	1.3	2.60551	0.349458
53.67	1	3.00799	0.520903
37.75	0.7	3.48883	0.434202
26.24	0.54	4.0411	0.542005
17.23	0.4	4.8358	0.601838

Cu+Cu 62.4 GeV:
-------------
96.4	2.6	2.50685	0.782345
72.15	1.85	2.8646	0.780287
51.77	1.2	3.21227	0.589659
36.18	0.77	3.62758	0.701503
24.89	0.6	4.09265	0.791438
16.33	0.35	4.86039	0.987701

d). sqrt(0.5*Npart*corr)/<pt> vs. Npart:
     -----------------------------
Npart   err     sqrt(0.5*Npart*corr)/<pt>      err
-------------------------------------
Cu+Cu 200 GeV:
-------------
99		1.5	15.7793     4.29876
74.55	1.3	15.9075     2.15151
53.67	1	15.5821     2.71398
37.75	0.7	15.1574     1.90723
26.24	0.54	14.6375     1.9862
17.23	0.4	14.1937     1.79694

Cu+Cu 62.4 GeV: 
-------------
96.4	2.6	17.4041     5.45177
72.15	1.85	17.2055     4.70731
51.77	1.2	16.3432     3.02385
36.18	0.77	15.4289     3.00167
24.89	0.6	14.4378     2.8136
16.33	0.35	13.8883     2.83796

Au+Au 200 GeV:
-------------
352     5.5	 14.3278     1.36529
297.8     9.6	 14.7772     1.46847
232.5     10.9	 15.2349     1.60031
165.2     12.9	 15.6412     1.91141
114.4     12.6	 15.8295     2.2921
76.1     10.7	 15.4335     2.6103
47.3     9.2	 14.7158     3.17901
26.9     7.2	 13.8995     3.94308
13.4     3.9	 13.0431     3.98922

Au+Au 62.4 GeV:
-------------
352	 5.5	 14.1952     1.35265
297.8	 9.6	 14.6063     1.45149
232.5	 10.9	 15.127     1.58898
165.2	 12.9	 15.414     1.88364
114.4	 12.6	 15.4892     2.24282
76.1	 10.7	 15.3903     2.603
47.3	 9.2	 14.9006     3.21893
26.9	 7.2	 14.1636     4.01799
13.4	 3.9	 13.5427     4.14201

=======================================

