Models:
======
(a). sqrt(corr)/<pt>, Au+Au 200 GeV:
    --------------------------
 Au+ Au 200 UrQMD: 
-----------------
352	 5.5     0.990617
297.8	 9.6     1.10997
232.5	 10.9     1.39616
165.2	 12.9     1.60008
114.4	 12.6     2.04855
76.1	 10.7     2.55983
47.3	 9.2     3.26515
26.9	 7.2     4.56507
13.4	 3.9     6.30897

Au+Au 200 GeV AMPT default:
------------------------
352	 5.5	 0.817567	 
297.8	 9.6	 0.999033	 
232.5	 10.9	 1.01784	 
165.2	 12.9	 1.17733	 
114.4	 12.6	 1.2961	 
76.1	 10.7	 1.40419	 
47.3	 9.2	 1.57667	 
26.9	 7.2	 1.57965	 
13.4	 3.9	 1.58556	 

Au+Au 200 GeV AMPT melt:
----------------------
352	 5.5	 1.22903	 
297.8	 9.6	 1.41214	 
232.5	 10.9	 1.43666	 
165.2	 12.9	 1.75172	 
114.4	 12.6	 1.9623	 
76.1	 10.7	 2.17522	 
47.3	 9.2	 2.21804	 
26.9	 7.2	 2.41341	 
13.4	 3.9	 2.65171	 

Au+Au 200 GeV Hijing No JQ:
-----------------------
352	 5.5	 0.835043
297.8	 9.6	 0.970057
232.5	 10.9	 1.095
165.2	 12.9	 1.29462
114.4	 12.6	 1.52045
76.1	 10.7	 1.88435
47.3	 9.2	 2.33542
26.9	 7.2	 2.96771
13.4	 3.9	 3.83481

Au+Au 200 GeV HIJING JQ: 
---------------------
352	 5.5	 0.724158
297.8	 9.6	 0.797146
232.5	 10.9	 0.9476
165.2	 12.9	 1.03789
114.4	 12.6	 1.26792
76.1	 10.7	 1.86784
47.3	 9.2	 2.31673
26.9	 7.2	 2.79729
13.4	 3.9	 3.53552

==================================

(b). sqrt(corr)/<pt>, Cu+Cu 200 GeV:
    --------------------------
 Cu+ Cu 200 UrQMD:
-----------------
99	 1.5     1.95752
74.55	 1.3     2.39841
53.67	 1     2.73904
37.75	 0.7     3.29048
26.24	 0.54     4.21351
17.23	 0.4     5.01153

Cu+Cu 200 GeV AMPT default:
-----------------------
99	 1.5	 1.38557
74.55	 1.3	 1.60064
53.67	 1	 1.77367
37.75	 0.7	 2.0845
26.24	 0.54	 2.1855
17.23	 0.4	 2.90146

Cu+Cu 200 GeV AMPT melt:
---------------------
99	 1.5	 2.13406
74.55	 1.3	 2.48916
53.67	 1	 2.72258
37.75	 0.7	 3.08544
26.24	 0.54	 3.48456
17.23	 0.4	 3.96781

Cu+Cu 200 GeV Hijing No JQ:
---------------------- 
99	 1.5	 1.78845   
74.55	 1.3	 2.01224   
53.67	 1	 2.49606   
37.75	 0.7	 3.22928   
26.24	 0.54	 4.13846   
17.23	 0.4	 5.10491   

Cu+Cu 200 GeV Hijing JQ:
-------------------- 
99	 1.5	 1.40524
74.55	 1.3	 1.82445
53.67	 1	 2.33373
37.75	 0.7	 2.96021
26.24	 0.54	 3.74885
17.23	 0.4	 5.02549

=============================

(c) sqrt(0.5Npart*corr)/<pt> for Au+Au 200 GeV Models:
--------------------------------------------
 Au+ Au 200 UrQMD:
----------------
352     5.5	13.142
297.8     9.6	13.5443
232.5     10.9	15.0533
165.2     12.9	14.5422
114.4     12.6	15.4933
76.1     10.7	15.7902
47.3     9.2	15.8789
26.9     7.2	16.742
13.4     3.9	16.3304

 Au+ Au 200 AMPT default:
---------------------
352     5.5	10.8463
297.8     9.6	12.1907
232.5     10.9	10.9743
165.2     12.9	10.7001
114.4     12.6	9.80251
76.1     10.7	8.66172
47.3     9.2	7.66756
26.9     7.2	5.79323
13.4     3.9	4.10412

 Au+ Au 200 AMPT melt:
-------------------
352     5.5	 16.3049
297.8     9.6	 17.2316
232.5     10.9	 15.4899
165.2     12.9	 15.9204
114.4     12.6	 14.841
76.1     10.7	 13.4178
47.3     9.2	 10.7866
26.9     7.2	 8.85098
13.4     3.9	 6.86379

 Au+ Au 200 Hijing No JQ:
-------------------
352     5.5	 11.0781
297.8     9.6	 11.8371
232.5     10.9	 11.8062
165.2     12.9	 11.7661
114.4     12.6	 11.4993
76.1     10.7	 11.6235
47.3     9.2	 11.3575
26.9     7.2	 10.8838
13.4     3.9	 9.92616

 Au+ Au 200 Hijing JQ:
-------------------
352     5.5	 9.60705
297.8     9.6	 9.72714
232.5     10.9	 10.217
165.2     12.9	 9.43278
114.4     12.6	 9.58936
76.1     10.7	 11.5217
47.3     9.2	 11.2665
26.9     7.2	 10.2588
13.4     3.9	 9.15147

=============================

(d). sqrt(0.5*npart*corr)/<pt>
-----------------------
 Cu+ Cu 200 UrQMD :
-----------------------
99     1.5     13.7724
74.55     1.3     14.6431
53.67     1     14.1889
37.75     0.7     14.2956
26.24     0.54     15.262
17.23     0.4     14.7095

 Cu+ Cu 200 AMPT default :
-----------------------
99     1.5     9.74834
74.55     1.3     9.77245
53.67     1     9.18803
37.75     0.7     9.0562
26.24     0.54     7.9162
17.23     0.4     8.51616

 Cu+ Cu 200 AMPT melt :
-----------------------
99     1.5     15.0144
74.55     1.3     15.1972
53.67     1     14.1037
37.75     0.7     13.4048
26.24     0.54     12.6216
17.23     0.4     11.646

 Cu+ Cu 200 Hijing No JQ  :
-----------------------
99     1.5     12.5829
74.55     1.3     12.2854
53.67     1     12.9302
37.75     0.7     14.0297
26.24     0.54     14.9901
17.23     0.4     14.9836

 Cu+ Cu 200 Hijing JQ :
-----------------------
99     1.5     9.88677
74.55     1.3     11.1389
53.67     1     12.0893
37.75     0.7     12.8607
26.24     0.54     13.5789
17.23     0.4     14.7505

=======================================
