(a). Corr. vs. Npart for Cu+Cu 200 GeV at different delta phi:
-----------------------------------------------
delta phi=15 degrees:
-----------------
npart    errr      corr.      error
-----------------------
99	        1.5	610.992	97.7587
74.55	1.3	810.973	105.426
53.67	1	1034.33	129.291
37.75	0.7	1229.84	95.9275
26.24	0.54	1587.19	161.893
17.23	0.4	2025.59	178.252

delta phi=30 degrees:
-----------------
npart    errr      corr.      error
-----------------------
99		1.5	458.369	73.339
74.55	1.3	624.333	81.1633
53.67	1	814.411	101.801
37.75	0.7	996.683	77.7413
26.24	0.54	1291.07	131.689
17.23	0.4	1572.3	138.362


delta phi=60 degrees:
-----------------
npart    errr      corr.      error
-----------------------
99		1.5	341.804	54.6886
74.55	1.3	460.925	59.9202
53.67	1	604.06	75.5075
37.75	0.7	765.876	59.7383
26.24	0.54	968.944	98.8323
17.23	0.4	1163.25	102.366


delta phi=90 degrees:
-----------------
npart    errr      corr.      error
-----------------------
99		1.5	269.465	43.1144
74.55	1.3	356.684	46.3689
53.67	1	470.857	58.8571
37.75	0.7	596.562	46.5318
26.24	0.54	767.251	78.2596
17.23	0.4	995.843	87.6342




delta phi=180 degrees:
-----------------
npart    errr      corr.      error
-----------------------
99		1.5	192.026	30.7242
74.55	1.3	236.911	30.7984
53.67	1	309.197	38.6496
37.75	0.7	420.721	32.8162
26.24	0.54	540.635	55.1448
17.23	0.4	660.242	58.1013

===========================================

(b). Corr. vs. Npart for Cu+Cu 62.4 GeV at different delta phi:
-----------------------------------------------
delta phi = 15deg
--------------
96.4		2.6	513.538	154.061
72.15	1.85	723.174	166.33
51.77	1.2	909.759	163.757
36.18	0.77	976.048	165.928
24.89	0.6	1235.01	234.652
16.33	0.35	1362.19	265.627

delta phi = 30deg
--------------
96.4		2.6	391.828	117.548
72.15	1.85	525.742	120.921
51.77	1.2	707.65	127.377
36.18	0.77	802.986	136.508
24.89	0.6	960.035	182.407
16.33	0.35	1093.73	213.277

delta phi = 60deg
--------------
96.4		2.6	304.071	91.2213
72.15	1.85	402.748	92.632
51.77	1.2	512.098	92.1776
36.18	0.77	649.722	110.453
24.89	0.6	679.443	129.094
16.33	0.35	879.274	171.458

delta phi = 90deg
--------------
96.4		2.6	245.566	73.6698
72.15	1.85	325.166	74.7882
51.77	1.2	415.202	74.7364
36.18	0.77	505.616	85.9547
24.89	0.6	589.575	112.019
16.33	0.35	710.77	138.6

delta phi = 180deg
--------------
96.4		2.6	202.27	60.681
72.15	1.85	258.53	59.4619
51.77	1.2	314.893	56.6807
36.18	0.77	392.093	66.6558
24.89	0.6	466.901	88.7112
16.33	0.35	580.998	113.295





===========================================

(c). 0.5*npart*corr vs. Npart Cu+Cu 200 GeV:
-----------------------------------
delta phi= 15 deg:
--------------
99		1.5	30244.1	8178.75
74.55	1.3	30229	3964.97
53.67	1	27756.2	4746.82
37.75	0.7	23213.2	2818.65
26.24	0.54	20823.9	2740.82
17.23	0.4	17450.5	2132.88

delta phi= 30 deg:
--------------
99		1.5	22689.3	6135.74
74.55	1.3	23272	3052.46
53.67	1	21854.7	3737.55
37.75	0.7	18812.4	2284.28
26.24	0.54	16938.8	2229.47
17.23	0.4	13545.4	1655.58

delta phi= 60 deg:
--------------
99		1.5	16919.3	4575.4
74.55	1.3	17181	2253.53
53.67	1	16209.9	2772.19
37.75	0.7	14455.9	1755.3
26.24	0.54	12712.5	1673.21
17.23	0.4	10021.4	1224.87

delta phi= 90 deg:
--------------
99		1.5	13338.5	3607.07
74.55	1.3	13295.4	1743.88
53.67	1	12635.4	2160.89
37.75	0.7	11260.1	1367.25
26.24	0.54	10066.3	1324.92
17.23	0.4	8579.19	1048.59

delta phi= 180 deg:
---------------
99		1.5	9505.29	2570.47
74.55	1.3	8830.86	1158.29
53.67	1	8297.3	1418.99
37.75	0.7	7941.11	964.243
26.24	0.54	7093.13	933.589
17.23	0.4	5687.98	695.214


===========================================

(d). 0.5*npart*corr vs. Npart Cu+Cu 62.4 GeV:
-----------------------------------
delta phi= 15 deg:
--------------
96.4		2.6	24752.5	7702.27
72.15	1.85	26088.5	7075.59
51.77	1.2	23549.1	4273.84
36.18	0.77	17656.7	3375.75
24.89	0.6	15369.7	2943.65
16.33	0.35	11122.3	2237.19

delta phi= 30 deg:
-------------- 
96.4		2.6	18886.1	5876.81
72.15	1.85	18966.1	5143.9
51.77	1.2	18317.5	3324.38
36.18	0.77	14526	2777.2
24.89	0.6	11947.6	2288.25
16.33	0.35	8930.31	1796.29

delta phi= 60 deg:
--------------
96.4		2.6	14656.2	4560.59
72.15	1.85	14529.1	3940.52
51.77	1.2	13255.7	2405.72
36.18	0.77	11753.5	2247.13
24.89	0.6	8455.67	1619.46
16.33	0.35	7179.27	1444.08

delta phi= 90 deg:
--------------
96.4		2.6	11836.3	3683.11
72.15	1.85	11730.4	3181.45
51.77	1.2	10747.5	1950.53
36.18	0.77	9146.59	1748.72
24.89	0.6	7337.26	1405.26
16.33	0.35	5803.44	1167.33

delta phi= 180 deg:
--------------
96.4		2.6	9749.41	3033.74
72.15	1.85	9326.47	2529.48
51.77	1.2	8151.01	1479.3
36.18	0.77	7092.96	1356.09
24.89	0.6	5810.58	1112.86
16.33	0.35	4743.85	954.202

===========================================

