(a). corr. vs. npart for different pt regions in Cu+Cu 200 GeV:
------------------------------------------------
pt: 0.15-0.50 GeV/c:
---------------
99		1.5	5.99039	1.61741
74.55	1.3	8.42681	1.09549
53.67	1	11.178	1.90026
37.75	0.7	13.1535	1.57842
26.24	0.54	16.0557	2.08724
17.23	0.4	24.0081	2.88097

pt: 0.15-0.80 GeV/c:
----------------
99		1.5	21.2567	5.73931
74.55	1.3	29.9974	3.89966
53.67	1	40.5698	6.89687
37.75	0.7	52.4682	6.29618
26.24	0.54	59.1365	7.68775
17.23	0.4	100.856	12.1027

pt: 0.50-2.0 GeV/c:
---------------
99		1.5	104.5	28.215
74.55	1.3	147.4	19.162
53.67	1	193.5	32.895
37.75	0.7	254.4	30.528
26.24	0.54	351.7	45.721
17.23	0.4	509.8	61.176

pt: 0.80-2.0 GeV/c:
---------------
99		1.5	66.7666	18.027
74.55	1.3	96.1232	12.496
53.67	1	120.51	20.4867
37.75	0.7	175.858	21.103
26.24	0.54	234.073	30.4295
17.23	0.4	324.768	38.9722

pt: 0.15-0.35 GeV/c:
-----------------
99		1.5	1.96581	0.530769
74.55	1.3	2.58644	0.336237
53.67	1	3.44342	0.585381
37.75	0.7	4.04134	0.484961
26.24	0.54	5.15685	0.67039
17.23	0.4	6.59451	0.791341

pt: 0.15-0.4 GeV/c:
---------------
99		1.5	3.1407	0.847989
74.55	1.3	4.32116	0.561751
53.67	1	5.69831	0.968713
37.75	0.7	6.75185	0.810222
26.24	0.54	8.129	1.05677
17.23	0.4	11.4974	1.37969

pt: 0.35-2.0 GeV/c:
---------------
99		1.5	125.434	33.8672
74.55	1.3	171.666	22.3166
53.67	1	227.737	38.7153
37.75	0.7	300.752	36.0902
26.24	0.54	398.565	51.8134
17.23	0.4	568.17	68.1804

pt: 0.40-2.0 GeV/c:
---------------
99		1.5	117.88	31.8276
74.55	1.3	163.078	21.2001
53.67	1	216.132	36.7424
37.75	0.7	283.386	34.0063
26.24	0.54	383.568	49.8638
17.23	0.4	547.333	65.68

pt: 0.15-2.0 GeV/c:
---------------
99		1.5	169.501	45.7653
74.55	1.3	224.45	29.1785
53.67	1	292.939	49.7996
37.75	0.7	384.581	46.1497
26.24	0.54	502.295	65.2984
17.23	0.4	698.164	83.7797

=====================
(b). corr. vs. npart for different pt regions in Cu+Cu 62.4 GeV:
------------------------------------------------
pt: 0.15-0.50 GeV/c
-------------------
96.4		2.6	10.9628	3.39847
72.15	1.85	13.3407	3.60199
51.77	1.2	16.3164	2.93695
36.18	0.77	18.5342	3.5215
24.89	0.6	20.9212	3.97503
16.33	0.35	28.6466	5.72932

pt: 0.15-0.80 GeV/c
------------------- 
96.4		    2.6	37.1883	11.5284
72.15	1.85	51.6946	13.9575
51.77	1.2	50.9318	9.16772
36.18	0.77	72.5803	13.7903
24.89	0.6	96.7146	18.3758
16.33	0.35	121.523	24.3046

pt: 0.50-2.0 GeV/c
-------------------
96.4		2.6	93.8849	29.1043
72.15	1.85	127.518	34.4299
51.77	1.2	171.122	30.802
36.18	0.77	234.032	44.4661
24.89	0.6	303.615	57.6868
16.33	0.35	448.344	89.6688

pt: 0.80-2.0 GeV/c
-------------------
96.4		2.6	66.134	20.5015
72.15	1.85	80.1183	21.6319
51.77	1.2	107.567	19.3621
36.18	0.77	150.897	28.6704
24.89	0.6	224.391	42.6343
16.33	0.35	303.307	60.6614

pt: 0.15-0.35 GeV/c
------------------- 
96.4		 2.6	3.5502	1.10056
72.15	1.85	3.86908	1.04465
51.77	1.2	4.66917	0.840451
36.18	0.77	5.7046	1.08387
24.89	0.6	6.56389	1.24714
16.33	0.35	7.87538	1.57508

pt: 0.15-0.40 GeV/c
-------------------
96.4		2.6	5.82702	1.80638
72.15	1.85	6.39082	1.72552
51.77	1.2	7.89948	1.42191
36.18	0.77	9.26605	1.76055
24.89	0.6	10.8452	2.06059
16.33	0.35	14.4306	2.88612

pt: 0.35-2.0 GeV/c
-------------------
96.4		2.6	115.801	35.8983
72.15	1.85	156.428	42.2356
51.77	1.2	203.315	36.5967
36.18	0.77	268.891	51.0893
24.89	0.6	355.859	67.6132
16.33	0.35	509.747	101.949

pt: 0.40-2.0 GeV/c
-------------------
96.4		2.6	106.53	33.0243
72.15	1.85	145.681	39.3339
51.77	1.2	190.878	34.358
36.18	0.77	251.849	47.8513
24.89	0.6	340.53	64.7007
16.33	0.35	492.164	98.4328

pt: 0.15-2.0 GeV/c
---------------------------
96.4		2.6	197.286	61.1587
72.15	1.85	253.401	68.4183
51.77	1.2	312.253	56.2055
36.18	0.77	389.002	73.9104
24.89	0.6	482.472	91.6697
16.33	0.35	662.329	132.466

====================================
