Corr. vs. Npart for different pt regions at Cu+Cu 200 GeV for different models:
--------------------------------------------------------------

(a). AMPT (SM):
------------
pt: 0.15 -  0.50 GeV/c : 
-------------------
99		1.5	3.59359
74.55	1.3	7.32019
53.67	1	5.77215
37.75	0.7	5.84586
26.24	0.54	9.77764
17.23	0.4	11.9788
-------------------

 pt: 0.15 -  0.80 GeV/c : 
-------------------
99		1.5	18.3803
74.55	1.3	27.4301
53.67	1	32.966
37.75	0.7	42.5692
26.24	0.54	52.5777
17.23	0.4	79.3835
-------------------

 pt: 0.50 - 2.0 GeV/c :
------------------- 
99		1.5	64.198
74.55	1.3	83.3619
53.67	1	96.648
37.75	0.7	133.07
26.24	0.54	160.729
17.23	0.4	200.607
-------------------

 pt: 0.80 - 2.0 GeV/c:
-------------------
99		1.5	25.2471
74.55	1.3	30.8269
53.67	1	25.2193
37.75	0.7	60.9847
26.24	0.54	97.0976
17.23	0.4	39.9762
-------------------

 pt: 0.15 -  0.35 GeV/c : 
-------------------
99		1.5	2.9635	
74.55	1.3	1.02101	
53.67	1	3.42598	
37.75	0.7	4.49278	
26.24	0.54	4.05439	
17.23	0.4	1.19791	
-------------------

 pt: 0.15 -  0.40 GeV/c : 
-------------------
99		1.5	0.759332
74.55	1.3	1.55449
53.67	1	1.5126
37.75	0.7	0.638491
26.24	0.54	4.94058
17.23	0.4	4.56301
-------------------

 pt:  0.35 - 2.0 GeV/c : 
-------------------
99		1.5	101.423
74.55	1.3	126.493
53.67	1	151.282
37.75	0.7	175.275
26.24	0.54	232.809
17.23	0.4	325.395
-------------------

 pt: 0.40 - 2.0 GeV/c :
-------------------
99		1.5	85.7
74.55	1.3	112.112
53.67	1	137.718
37.75	0.7	169.429
26.24	0.54	224.81
17.23	0.4	299.322
-------------------

 pt: 0.15 - 2.0 GeV/c : 
-----------------
99		1.5	162.08
74.55	1.3	217.703
53.67	1	256.152
37.75	0.7	322.358
26.24	0.54	402.411
17.23	0.4	514.511
-------------------

=================
(b). UrQMD 
---------
pt: 0.15 -  0.50 GeV/c : 
-------------------
99		1.5	2.69306
74.55	1.3	2.59519
53.67	1	1.30645
37.75	0.7	2.38484
26.24	0.54	2.18683
17.23	0.4	6.17647
-------------------

 pt: 0.15 -  0.80 GeV/c : 
-------------------
99		1.5	5.72672
74.55	1.3	7.58706
53.67	1	9.92514
37.75	0.7	8.4094
26.24	0.54	16.7882
17.23	0.4	25.12
-------------------

 pt: 0.50 - 2.0 GeV/c:
-----------------
99		1.5	103.695
74.55	1.3	152.51
53.67	1	228.539
37.75	0.7	303.656
26.24	0.54	512.057
17.23	0.4	691.467
-------------------

pt: 0.80 - 2.0 GeV/c:
-------------------
99		1.5	102.591
74.55	1.3	153.677
53.67	1	256.406
37.75	0.7	401.525
26.24	0.54	488.249
17.23	0.4	668.346
-------------------

pt: 0.15 - 0.35 GeV/c : 
-------------------
99		1.5	0.25468
74.55	1.3	0.269096
53.67	1	0.926656
37.75	0.7	1.2052
26.24	0.54	0.603673
17.23	0.4	4.16665
-------------------

 pt: 0.15 - 0.40 GeV/c : 
-------------------
99		1.5	0.87358
74.55	1.3	0.345538
53.67	1	0.230554
37.75	0.7	0.0900087
26.24	0.54	3.56098
17.23	0.4	8.52272
-------------------

pt: 0.35 - 2.0 GeV/c:
-------------------
99		1.5	102.374
74.55	1.3	152.296
53.67	1	216.277
37.75	0.7	294.799
26.24	0.54	453.275
17.23	0.4	636.963
-------------------

pt: 0.40 - 2.0 GeV/c:
-------------------
99		1.5	104.062
74.55	1.3	159.912
53.67	1	212.823
37.75	0.7	292.983
26.24	0.54	477.317
17.23	0.4	644.825
-------------------

pt: 0.15 - 2.0 GeV/c : 
-------------------
99		1.5	97.0871
74.55	1.3	143.833
53.67	1	186.075
37.75	0.7	267.405
26.24	0.54	436.493
17.23	0.4	617.263

==================

(c). HIJING (No JQ)
--------------
 pt: 0.15 -  0.50 GeV/c : 
-------------------
99		1.5	2.46399
74.55	1.3	4.55481
53.67	1	3.77625
37.75	0.7	2.33297
26.24	0.54	6.16554
17.23	0.4	7.58775

 pt: 0.15 - 0.80 GeV/c : 
-------------------
99		1.5	3.70789
74.55	1.3	4.0903
53.67	1	6.73405
37.75	0.7	12.4544
26.24	0.54	19.4456
17.23	0.4	37.1343

 pt: 0.50 - 2.0 GeV/c:
-------------------
99		1.5	83.2142
74.55	1.3	127.823
53.67	1	177.21
37.75	0.7	308.63
26.24	0.54	527.691
17.23	0.4	759.174

 pt: 0.80 - 2.0 GeV/c:
-------------------
99		1.5	92.7102
74.55	1.3	109.505
53.67	1	190.198
37.75	0.7	291.398
26.24	0.54	572.386
17.23	0.4	846.998

 pt: 0.15 - 0.35 GeV/c : 
-------------------
99		1.5	1.4733
74.55	1.3	1.74085
53.67	1	1.0872
37.75	0.7	1.41126
26.24	0.54	2.50155
17.23	0.4	0.2444

 pt: 0.15 - 0.40 GeV/c : 
-------------------
99		1.5	0.890988
74.55	1.3	0.919234
53.67	1	1.01539
37.75	0.7	1.52666
26.24	0.54	2.37934
17.23	0.4	1.69288

 pt: 0.35 - 2.0 GeV/c:
-------------------
99		1.5	80.6918
74.55	1.3	119.257
53.67	1	175.926
37.75	0.7	292.871
26.24	0.54	475.879
17.23	0.4	671.222

 pt: 0.40 - 2.0 GeV/c:
-----------------
99		1.5	82.2176
74.55	1.3	121.574
53.67	1	177.853
37.75	0.7	296.322
26.24	0.54	475.194
17.23	0.4	736.229

pt: 0.15 - 2.0 GeV/c : 
-------------------
99		1.5	72.89
74.55	1.3	90.921
53.67	1	137.65
37.75	0.7	225.881
26.24	0.54	364.841
17.23	0.4	544.505

====================================
