(a). Uncorrected charged particle spectra:
--------------------------------------------
pt         d^2N/(Nevt*2*pi*pt*dpt*deta)        error
--------------------------------------------
0.16     79.9132     7.99142
0.2     120.968     12.0969
0.24     120.98     12.098
0.28     111.03     11.103
0.32     98.1685     9.8169
0.36     84.9085     8.49089
0.4     72.5309     7.25313
0.44     61.6411     6.16414
0.48     52.1153     5.21156
0.52     43.9979     4.39982
0.56     37.0528     3.70531
0.6     31.1678     3.11681
0.64     26.2665     2.62668
0.68     22.1963     2.21965
0.72     18.8142     1.88144
0.76     15.9909     1.59911
0.8     13.6489     1.36491
0.84     11.6765     1.16767
0.88     10.0005     1.00007
0.92     8.61797     0.861814
0.96     7.40792     0.740808
1     6.40275     0.64029
1.04     5.5421     0.554225
1.08     4.81114     0.481128
1.12     4.17696     0.41771
1.16     3.6375     0.363764
1.2     3.16982     0.316995
1.24     2.77261     0.277273
1.28     2.42308     0.24232
1.32     2.11723     0.211735
1.36     1.85765     0.185777
1.4     1.63076     0.163087
1.44     1.43041     0.143051
1.48     1.25564     0.125575
1.52     1.10794     0.110804
1.56     0.972544     0.0972644
1.6     0.85694     0.0857038
1.64     0.756035     0.075613
1.68     0.666187     0.066628
1.72     0.586588     0.0586679
1.76     0.51922     0.051931
1.8     0.457535     0.0457622
1.84     0.404869     0.0404954
1.88     0.35794     0.0358024
1.92     0.315122     0.0315204
1.96     0.279994     0.0280074
2     0.248019     0.0248097

=====================
(b). corr/(d<pt>/dT)^2/T^2  vs. npart
------------------------------

 pt: 0.40-0.80 GeV/c : 
------------------
npart      err      corr/(d<pt>/dT)^2/T^2    err
---------------------------------------
99		1.5	0.0015139	0.000408752
74.55	1.3	0.0018695	0.000243036
53.67	1	0.00225695	0.000383681
37.75	0.7	0.00302122	0.000362547
26.24	0.54	0.00414602	0.000538982
17.23	0.4	0.00464927	0.000557914

 pt: 0.80-1.2 GeV/c : 
-----------------
99		1.5	0.00181914	0.000491169
74.55	1.3	0.00180228	0.000234297
53.67	1	0.00111887	0.000190209
37.75	0.7	0.00445754	0.000534907
26.24	0.54	0.00223626	0.000290714
17.23	0.4	0.00397931	0.000477518

 pt:  0.50 - 2.0 GeV/c : 
---------------------
99		1.5	0.000874841	0.000236207
74.55	1.3	0.00123769	0.0001609
53.67	1	0.00162978	0.000277062
37.75	0.7	0.00215258	0.00025831
26.24	0.54	0.0029924	0.000389012
17.23	0.4	0.00437154	0.000524585

 pt: 0.80 - 2.0 GeV/c:
-----------------
99		1.5	0.000995247	0.000268717
74.55	1.3	0.00143189	0.000186146
53.67	1	0.0017942	0.000305014
37.75	0.7	0.0026159	0.000313908
26.24	0.54	0.00347877	0.00045224
17.23	0.4	0.00482151	0.000578581

 pt:  1.2-1.6 GeV/c : 
----------------
99		1.5	0.00051826	0.00013993
74.55	1.3	0.000643134	8.36072e-05
53.67	1	0.000757266	0.000128735
37.75	0.7	0.00318526	0.000382232
26.24	0.54	0.00910522	0.00118368
17.23	0.4	0.00287084	0.000344501

pt: 0.35 - 2.0 GeV/c:
----------------
99		1.5	0.000831493	0.000224503
74.55	1.3	0.00114397	0.000148716
53.67	1	0.00152599	0.000259418
37.75	0.7	0.00203083	0.0002437
26.24	0.54	0.00271601	0.000353081
17.23	0.4	0.00391929	0.000470315

pt: 0.40 - 2.0 GeV/c:
----------------
99		1.5	0.000843534	0.000227754
74.55	1.3	0.0011723	0.000152399
53.67	1	0.00156107	0.000265381
37.75	0.7	0.0020607	0.000247284
26.24	0.54	0.00281172	0.000365523
17.23	0.4	0.00405616	0.00048674

========================================
