Relative dynamical correlation in percent
0-5%
Energy data stat sys
7.7 GeV 0.210662 0.324558 0.096850
11.5 GeV 0.772576 0.038894 0.054037
14.6 GeV 0.872529 0.010785 0.059411
19.6 GeV 0.938691 0.026568 0.030964
27 GeV 0.966550 0.011580 0.025145
39 GeV 1.029284 0.004090 0.030726
62.4 GeV 1.083929 0.004398 0.026845
200 GeV 1.185474 0.005509 0.033493
2760 GeV 0.925300 0.002100 0.068400
5-10%
Energy data stat sys
7.7 GeV 0.461255 0.190850 0.144918
11.5 GeV 0.887039 0.056609 0.045771
14.6 GeV 1.033967 0.013756 0.059319
19.6 GeV 1.085482 0.021077 0.040416
27 GeV 1.121054 0.008871 0.030048
39 GeV 1.176349 0.007625 0.032882
62.4 GeV 1.205040 0.011507 0.032093
200 GeV 1.295536 0.007714 0.036616
2760 GeV 1.087000 0.002000 0.078000
10-20%
Energy data stat sys
7.7 GeV 0.931224 0.069162 0.099264
11.5 GeV 1.147942 0.051772 0.044608
14.6 GeV 1.236642 0.004533 0.056529
19.6 GeV 1.296035 0.014328 0.039742
27 GeV 1.333493 0.007508 0.039381
39 GeV 1.401188 0.006014 0.038430
62.4 GeV 1.385462 0.012809 0.038539
200 GeV 1.482348 0.004558 0.040111
2760 GeV 1.331500 0.002121 0.050249
20-30%
Energy data stat sys
7.7 GeV 1.260074 0.094326 0.075089
11.5 GeV 1.514114 0.036208 0.069104
14.6 GeV 1.558204 0.014237 0.064251
19.6 GeV 1.600764 0.007993 0.051264
27 GeV 1.653956 0.006436 0.050912
39 GeV 1.737177 0.002532 0.052840
62.4 GeV 1.675801 0.014436 0.047956
200 GeV 1.773450 0.008187 0.050217
2760 GeV 1.655500 0.002121 0.057656
30-40%
Energy data stat sys
7.7 GeV 1.735171 0.061460 0.055699
11.5 GeV 1.857884 0.044962 0.078941
14.6 GeV 1.906545 0.017191 0.069821
19.6 GeV 1.950029 0.011407 0.065449
27 GeV 2.039773 0.008818 0.066154
39 GeV 2.142309 0.005152 0.071457
62.4 GeV 2.065391 0.012561 0.059995
200 GeV 2.131476 0.006912 0.057571
2760 GeV 2.059500 0.002828 0.067235
40-50%
Energy data stat sys
7.7 GeV 2.248124 0.106658 0.094201
11.5 GeV 2.323281 0.048333 0.118473
14.6 GeV 2.288752 0.024406 0.086865
19.6 GeV 2.424478 0.026911 0.087681
27 GeV 2.507160 0.003930 0.085487
39 GeV 2.614013 0.016788 0.091653
62.4 GeV 2.491623 0.016438 0.076869
200 GeV 2.561043 0.005192 0.075948
2760 GeV 2.569000 0.003905 0.079645
50-60%
Energy data stat sys
7.7 GeV 2.506263 0.196608 0.190255
11.5 GeV 2.775814 0.037161 0.114402
14.6 GeV 2.799806 0.037497 0.106160
19.6 GeV 2.979966 0.024850 0.115816
27 GeV 3.098507 0.022370 0.111878
39 GeV 3.228945 0.009684 0.120120
62.4 GeV 3.040474 0.030156 0.110010
200 GeV 3.173742 0.010559 0.099364
2760 GeV 3.223500 0.005315 0.096666
60-70%
Energy data stat sys
7.7 GeV 3.151569 0.196221 0.252995
11.5 GeV 3.534279 0.155195 0.171702
14.6 GeV 3.458021 0.021792 0.132553
19.6 GeV 3.718223 0.062009 0.147900
27 GeV 3.898081 0.038194 0.153799
39 GeV 4.155336 0.017442 0.152530
62.4 GeV 3.881077 0.037173 0.131669
200 GeV 4.075916 0.006170 0.137244
2760 GeV 4.127000 0.010548 0.010548
70-80%
Energy data stat sys
7.7 GeV 2.100238 0.983775 0.546314
11.5 GeV 3.878925 0.161126 0.328285
14.6 GeV 3.867409 0.240409 0.228742
19.6 GeV 4.493978 0.122693 0.174834
27 GeV 5.143322 0.022908 0.204498
39 GeV 5.473674 0.087604 0.208547
62.4 GeV 5.262410 0.066540 0.183521
200 GeV 5.611563 0.049709 0.188375
2760 GeV 5.734000 0.029125 0.174964
