# M_{ee}   dM_{ee}   dN/dM_{ee}   stat.  syst.  cock.  ratio.  ratio(Rapp).  ratio(PHSD).
# pT:0.0-0.5 GeV/c
0.005 0.01 0.906704 0.00139206 0.126805 1.04828 0.864946 1.0059 1
0.015 0.01 0.235519 0.000687987 0.0330273 0.278517 0.845617 1.00475 1.00216
0.025 0.01 0.127976 0.000540697 0.0179851 0.153983 0.831103 1.00859 1.00128
0.035 0.01 0.0810852 0.000476178 0.0114111 0.101505 0.798833 1.01303 1.00115
0.045 0.01 0.0596295 0.000468391 0.00843779 0.0733659 0.812768 1.01804 1.00116
0.055 0.01 0.0453853 0.000468883 0.00643163 0.0521864 0.869677 1.02183 1.00118
0.065 0.01 0.0326987 0.000940809 0.0042911 0.0376793 0.867817 1.03024 1.0014
0.075 0.01 0.0243355 0.000497531 0.00344547 0.0270441 0.899846 1.04213 1.0016
0.085 0.01 0.015808 0.000505791 0.00224642 0.0184648 0.856115 1.06171 1.0022
0.095 0.01 0.0101495 0.000527777 0.00143614 0.0111783 0.907962 1.1019 1.00337
0.105 0.01 0.00520144 0.000528714 0.00074704 0.00645792 0.805435 1.10975 1.00455
0.1175 0.015 0.00395399 0.000460405 0.000587419 0.00350699 1.12746 1.20201 1.0073
0.1425 0.035 0.00105629 0.000326276 0.000159105 0.00202085 0.522695 1.33006 1.01006
0.18 0.04 0.00222605 0.000347883 0.000325155 0.00172782 1.28836 1.32591 1.00859
0.245 0.09 0.00174889 0.000275786 0.000442928 0.00146799 1.19135 1.37343 1.00931
0.325 0.07 0.00173401 0.00037436 0.000411162 0.00141354 1.22672 1.50817 1.05289
0.415 0.11 0.00296163 0.000386802 0.000513462 0.00139625 2.12114 1.81809 1.39841
0.515 0.09 0.00296911 0.000486203 0.000691389 0.00145001 2.04765 2.13842 2.0591
0.6 0.08 0.00234626 0.000479537 0.000665521 0.00155297 1.51082 2.20709 2.22684
0.695 0.11 0.00218528 0.000350808 0.00043808 0.00144476 1.51256 2.45236 3.19716
0.765 0.03 0.00479446 0.000584851 0.000822279 0.0041828 1.14623 1.47942 1.94344
0.7825 0.005 0.00520842 0.0013767 0.000746981 0.00994747 0.523592 1.18093 1.35179
0.7875 0.005 0.00632253 0.0013719 0.00110004 0.00764566 0.826944 1.22203 1.45773
0.845 0.11 0.00165292 0.000251956 0.000378202 0.0013012 1.2703 1.6471 3.59569
0.9525 0.105 0.0013466 0.000180511 0.000207213 0.000928814 1.44981 1.36751 1.74991
1.01 0.01 0.00276221 0.000474444 0.000392679 0.00379996 0.726905 1.05586 1.18089
1.0175 0.005 0.00466515 0.000663405 0.000674309 0.00589483 0.791396 1.03602 1.10452
1.0225 0.005 0.00481644 0.000659211 0.00069623 0.00520687 0.925017 1.04074 1.08399
1.0875 0.125 0.000487435 0.00011362 0.000143175 0.000698451 0.69788 1.25805 1.45921
1.2 0.1 0.00013948 9.99202e-05 5.95495e-05 0.00034225 0.407538 1.31588 1.6372
1.3625 0.225 0.000185994 4.91226e-05 5.73566e-05 0.00021978 0.846274 1.24674 1.6173
1.6 0.25 0.000138872 3.03075e-05 3.23746e-05 0.000114319 1.21477 1.17394 1.61097
1.8625 0.275 5.9074e-05 1.84158e-05 1.31358e-05 5.64851e-05 1.04583 1.12782 1.62368
2.15 0.3 2.01025e-05 1.08174e-05 6.30747e-06 2.69803e-05 0.74508 1.09194 1.69043
2.475 0.35 1.45231e-05 5.73054e-06 5.4729e-06 1.28597e-05 1.12935 1.06186 1.78048
2.795 0.29 1.72795e-05 3.70729e-06 3.82357e-06 8.08587e-06 2.137 1.03302 1.7345
2.9875 0.095 1.5771e-05 4.89413e-06 5.07352e-06 1.27787e-05 1.23416 1.01061 1.34444
3.05 0.03 5.68196e-05 9.19928e-06 7.84458e-06 4.42908e-05 1.28288 1.00243 1.09106
3.0775 0.025 0.000119759 1.15636e-05 1.6608e-05 9.83189e-05 1.21807 1.00108 1.03923
3.095 0.01 0.000123996 1.82158e-05 1.71745e-05 0.000110662 1.12049 1.00097 1.03393
3.105 0.01 0.000116577 1.78037e-05 1.61734e-05 0.000102309 1.13946 1.00079 1.03577
3.1175 0.015 0.000123734 1.48056e-05 1.71561e-05 7.32903e-05 1.68827 1.00106 1.04907
3.15 0.05 2.88015e-05 5.83886e-06 3.97076e-06 2.28409e-05 1.26096 1.00339 1.15063
3.3375 0.325 3.99476e-06 1.60408e-06 5.58306e-07 2.57066e-06 1.55398 1.01728 2.06064
3.675 0.35 9.48704e-07 1.02124e-06 1.4061e-07 1.56399e-06 0.606594 1.00929 2.03285
# pT:0.5-1.0 GeV/c
0.005 0.01 5.62968 0.00303494 0.789031 6.38214 0.882099 1.00937 1
0.015 0.01 1.52233 0.00149676 0.213246 1.74845 0.870672 1.00721 1.00252
0.025 0.01 0.811677 0.00111297 0.113858 0.971685 0.835329 1.01297 1.00154
0.035 0.01 0.53365 0.000958078 0.0749861 0.622996 0.856586 1.02023 1.00143
0.045 0.01 0.379627 0.000883541 0.053401 0.449855 0.843887 1.02802 1.0014
0.055 0.01 0.276515 0.00084216 0.038927 0.321209 0.860857 1.03176 1.00155
0.065 0.01 0.208442 0.000837114 0.0293926 0.240454 0.866868 1.04243 1.0017
0.075 0.01 0.151667 0.00083271 0.0215062 0.16502 0.91908 1.06182 1.002
0.085 0.01 0.10813 0.00083783 0.0153308 0.118629 0.911496 1.08599 1.00247
0.095 0.01 0.0711176 0.00084622 0.0100975 0.0753757 0.943509 1.13535 1.00333
0.105 0.01 0.0428668 0.000855885 0.00609836 0.0489391 0.875922 1.1236 1.00467
0.1175 0.015 0.0252186 0.000715234 0.00360947 0.0252828 0.997463 1.23924 1.0074
0.1425 0.035 0.0157879 0.000494915 0.00225041 0.0144931 1.08934 1.3778 1.01044
0.18 0.04 0.0117149 0.000497233 0.00177383 0.0108707 1.07766 1.3721 1.01013
0.2625 0.125 0.00722478 0.000308091 0.00110634 0.00663688 1.08858 1.42841 1.0176
0.3875 0.125 0.00493819 0.000318828 0.000948394 0.00328619 1.50271 1.67276 1.46241
0.5 0.1 0.00291883 0.000339576 0.000487913 0.00180712 1.61518 2.06962 2.00192
0.6 0.1 0.00224128 0.000313225 0.000403637 0.00148946 1.50476 2.23709 2.51157
0.695 0.09 0.00313113 0.000301912 0.000619709 0.00129829 2.41174 2.56015 3.58467
0.7625 0.045 0.00386785 0.000405064 0.000705313 0.004216 0.917421 1.49337 2.10287
0.7925 0.015 0.0046294 0.000687141 0.000848774 0.00511246 0.905513 1.33644 1.59813
0.85 0.1 0.00134111 0.000253423 0.000345988 0.00110704 1.21144 1.83818 2.72745
0.9525 0.105 0.00122052 0.000199813 0.000214752 0.001206 1.01204 1.4153 1.60774
1.01 0.01 0.00674425 0.000557998 0.000949221 0.00620034 1.08772 1.05209 1.08857
1.02 0.01 0.00880659 0.000552588 0.00126564 0.00911476 0.96619 1.03542 1.05878
1.05 0.05 0.0014374 0.000232559 0.00034716 0.00162803 0.882906 1.19832 1.2047
1.125 0.1 0.000715861 0.000144289 0.000254482 0.000563945 1.26938 1.42484 1.47301
1.25 0.15 0.000560512 9.44748e-05 0.000181111 0.000413116 1.35679 1.34065 1.3485
1.4125 0.175 0.000397404 6.57086e-05 0.000105013 0.000281821 1.41013 1.26204 1.32822
1.6 0.2 0.000250865 4.46055e-05 5.45589e-05 0.000180218 1.39201 1.19291 1.3169
1.79 0.18 0.000113333 3.41373e-05 2.58376e-05 0.000114531 0.989542 1.14776 1.30991
1.9775 0.195 9.18704e-05 2.4189e-05 1.76504e-05 7.38482e-05 1.24404 1.12037 1.30917
2.2125 0.275 6.45978e-05 1.42011e-05 1.15236e-05 4.36762e-05 1.47902 1.09236 1.3239
2.5 0.3 2.78613e-05 8.84527e-06 5.40922e-06 2.4706e-05 1.12771 1.06293 1.33762
2.795 0.29 1.65768e-05 5.84879e-06 3.71109e-06 1.76499e-05 0.9392 1.03323 1.28964
2.995 0.11 3.53767e-05 7.29832e-06 5.2231e-06 3.78162e-05 0.935491 1.00783 1.09868
3.0575 0.015 0.000106555 2.01594e-05 1.47341e-05 0.000137431 0.775335 1.00171 1.02498
3.07 0.01 0.000166638 2.63646e-05 2.30898e-05 0.000196709 0.847131 1.00121 1.01715
3.0825 0.015 0.000186372 2.16633e-05 2.58134e-05 0.000253512 0.73516 1.00097 1.01317
3.0925 0.005 0.000258856 3.99263e-05 3.58453e-05 0.000272711 0.949194 1.00088 1.01194
3.0975 0.005 0.000309501 4.14513e-05 4.30055e-05 0.00026789 1.15533 1.00087 1.01204
3.11 0.02 0.000218474 1.88194e-05 3.02251e-05 0.000220996 0.988586 1.00079 1.01431
3.125 0.01 0.000176617 2.518e-05 2.4436e-05 0.00014025 1.2593 1.00127 1.02185
3.265 0.27 1.41554e-05 3.21346e-06 1.97598e-06 1.41961e-05 0.997132 1.00906 1.18526
3.575 0.35 3.93569e-06 1.91615e-06 5.52623e-07 4.3158e-06 0.911925 1.01116 1.42073
# pT:1.0-1.5 GeV/c
0.005 0.01 1.48371 0.00157688 0.206972 1.50392 0.986563 1.01491 1
0.015 0.01 0.422423 0.000785773 0.0589908 0.415953 1.01555 1.01173 1.00495
0.025 0.01 0.223028 0.000562637 0.031153 0.233565 0.954887 1.0209 1.00285
0.035 0.01 0.147048 0.00046855 0.0205528 0.156204 0.941384 1.03125 1.00259
0.045 0.01 0.103757 0.000410594 0.0145171 0.110046 0.942847 1.04435 1.00255
0.055 0.01 0.0778283 0.000381438 0.0108955 0.0796694 0.976891 1.05151 1.00278
0.065 0.01 0.0575995 0.000360476 0.00807555 0.0607937 0.947459 1.06751 1.00307
0.075 0.01 0.0424441 0.000346541 0.00595445 0.0427451 0.992959 1.09603 1.00357
0.085 0.01 0.0316913 0.000342058 0.00445436 0.0296347 1.0694 1.13848 1.0044
0.095 0.01 0.0221913 0.000338428 0.00313122 0.0209591 1.05879 1.19581 1.00554
0.105 0.01 0.0152847 0.000337508 0.00223875 0.0147198 1.03837 1.16221 1.00699
0.1175 0.015 0.00899637 0.00027685 0.0012746 0.0080506 1.11748 1.29643 1.0112
0.1375 0.025 0.00702155 0.000219893 0.00109272 0.0048286 1.45416 1.49414 1.01574
0.1625 0.025 0.00593649 0.00023189 0.000891836 0.00414346 1.43274 1.38844 1.01475
0.2125 0.075 0.00415556 0.000146864 0.000666342 0.00293664 1.41507 1.47701 1.01466
0.28 0.06 0.00246731 0.00018019 0.000380168 0.00203855 1.21033 1.51965 1.01476
0.375 0.13 0.00185399 0.000131731 0.000266209 0.00123179 1.50512 1.7504 1.34276
0.5 0.12 0.00130654 0.000144151 0.000198822 0.000651499 2.00544 2.33963 1.66314
0.61 0.1 0.00139327 0.000158538 0.00021244 0.000527346 2.64204 2.75415 2.86874
0.7 0.08 0.00107665 0.000173778 0.000175444 0.000514746 2.09161 3.06604 4.01657
0.76 0.04 0.00204934 0.000241607 0.00036387 0.00172186 1.19019 1.65042 2.20169
0.7825 0.005 0.00431447 0.000682632 0.000716329 0.00506624 0.851611 1.19925 1.29058
0.83 0.09 0.00119359 0.000155496 0.000176775 0.000825183 1.44645 1.71353 2.3609
0.9325 0.115 0.00101419 0.000129656 0.00022669 0.000440454 2.3026 1.61 1.55774
1 0.02 0.00155832 0.000270356 0.000229049 0.00174695 0.892022 1.12861 1.06603
1.0125 0.005 0.00449206 0.000511621 0.000633037 0.00480089 0.935671 1.03839 1.01858
1.0225 0.015 0.00442628 0.000291399 0.000632085 0.0049653 0.891442 1.03705 1.01513
1.0525 0.045 0.000459327 0.000162182 0.000150694 0.000676265 0.679211 1.27236 1.1364
1.1375 0.125 0.000370534 9.08368e-05 0.000115707 0.000256674 1.4436 1.53875 1.2612
1.3 0.2 0.000260119 5.88956e-05 7.58739e-05 0.000187832 1.38485 1.38353 1.15713
1.53 0.26 0.000132901 3.70934e-05 3.12188e-05 0.000120696 1.10112 1.2562 1.14766
1.755 0.19 0.00013439 3.12331e-05 2.60809e-05 7.70731e-05 1.74367 1.18582 1.13495
1.9625 0.225 9.94273e-05 2.16051e-05 1.69328e-05 5.1547e-05 1.92887 1.14053 1.13329
2.2375 0.325 4.46625e-05 1.24988e-05 8.39712e-06 3.14359e-05 1.42075 1.09846 1.12373
2.5375 0.275 3.07032e-05 9.18459e-06 5.87786e-06 1.96449e-05 1.56291 1.05949 1.11371
2.8075 0.265 1.81536e-05 6.68851e-06 4.68469e-06 1.69873e-05 1.06866 1.03046 1.08477
2.9875 0.095 5.62704e-05 9.29166e-06 8.01048e-06 3.4092e-05 1.65055 1.00861 1.03277
3.045 0.02 0.000145484 2.045e-05 2.00492e-05 0.00010486 1.38741 1.00223 1.00993
3.0625 0.015 0.00016277 2.38756e-05 2.24993e-05 0.000185532 0.877315 1.00126 1.00549
3.0725 0.005 0.000242001 4.36101e-05 3.34986e-05 0.000241096 1.00375 1.00097 1.00418
3.0825 0.015 0.00026684 2.53262e-05 3.67954e-05 0.000284129 0.939149 1.00084 1.00352
3.0925 0.005 0.000377572 4.72865e-05 5.19312e-05 0.00030253 1.24805 1.00079 1.00323
3.0975 0.005 0.000306614 4.50054e-05 4.25126e-05 0.000295944 1.03606 1.00081 1.00332
3.11 0.02 0.00029244 2.21379e-05 4.05169e-05 0.000250949 1.16533 1.0007 1.0038
3.1275 0.015 0.000142369 2.20987e-05 1.96937e-05 0.000150094 0.94853 1.00114 1.00613
3.18 0.09 1.7163e-05 7.29067e-06 2.37783e-06 3.00473e-05 0.5712 1.00544 1.02775
3.3125 0.175 5.99518e-06 4.37527e-06 8.34921e-07 6.15788e-06 0.973579 1.01794 1.11374
3.625 0.45 6.88325e-06 1.94323e-06 9.54569e-07 4.50201e-06 1.52893 1.0099 1.10221
# pT:1.5-2.0 GeV/c
0.005 0.01 0.336956 0.000788648 0.0469531 0.311217 1.0827 1.01676 1
0.015 0.01 0.101893 0.000404403 0.0142112 0.0902085 1.12953 1.01283 1.00621
0.025 0.01 0.0536031 0.0002861 0.00747543 0.0496033 1.08063 1.02334 1.00384
0.035 0.01 0.0348174 0.000231972 0.0048564 0.0321729 1.0822 1.03599 1.00346
0.045 0.01 0.0246391 0.000200314 0.00344074 0.0232433 1.06005 1.04981 1.00323
0.055 0.01 0.0182569 0.000181551 0.00255101 0.0167152 1.09224 1.05786 1.00387
0.065 0.01 0.0135883 0.000168493 0.00190074 0.0123579 1.09956 1.07826 1.00386
0.075 0.01 0.0103363 0.000159465 0.00144851 0.00955947 1.08126 1.10116 1.00447
0.085 0.01 0.00768506 0.000154459 0.00107523 0.00683722 1.124 1.14147 1.00541
0.095 0.01 0.00530482 0.000149366 0.000747 0.00495556 1.07048 1.19517 1.00619
0.105 0.01 0.00399345 0.000149677 0.00056712 0.00277401 1.43959 1.20441 1.00942
0.145 0.07 0.00194311 5.7949e-05 0.000278641 0.00142677 1.36189 1.34468 1.01377
0.2275 0.095 0.000987558 5.73784e-05 0.000143671 0.000686082 1.43942 1.45687 1.01645
0.325 0.1 0.000720073 6.33476e-05 0.000106297 0.000398865 1.80531 1.60997 1.0167
0.4375 0.125 0.000623293 6.17255e-05 0.000123359 0.000218506 2.85252 2.02558 1.72444
0.57 0.14 0.000341315 6.18043e-05 5.81903e-05 0.00013346 2.55744 2.90355 1.65901
0.695 0.11 0.000569523 7.19433e-05 8.82091e-05 0.000139492 4.08284 3.61545 4.28129
0.765 0.03 0.00143374 0.00013806 0.000276289 0.000785064 1.82627 1.50886 1.53563
0.785 0.01 0.00204081 0.000241577 0.00057719 0.00178108 1.14583 1.20615 1.13516
0.8025 0.025 0.000724979 0.000150253 0.000254907 0.000444523 1.63092 1.65019 1.86465
0.8825 0.135 0.000392658 6.36117e-05 0.000135133 0.00010789 3.63944 2.32138 3.03523
0.9775 0.055 0.000484751 8.75502e-05 7.70352e-05 0.000306855 1.57974 1.34049 1.22139
1.01 0.01 0.00182094 0.000195642 0.000256548 0.00183235 0.993771 1.03988 1.05835
1.0275 0.025 0.00146759 0.000122572 0.000207347 0.00166152 0.883283 1.04398 1.01742
1.0825 0.085 0.000228841 6.3962e-05 4.99045e-05 0.000114706 1.99503 1.58522 1.14483
1.2625 0.275 0.00014425 3.38241e-05 3.80256e-05 6.41363e-05 2.24911 1.58971 1.14472
1.57 0.34 9.41117e-05 2.38618e-05 2.19173e-05 4.53284e-05 2.07622 1.28584 1.08878
2.025 0.57 3.03006e-05 1.10527e-05 8.74581e-06 2.36155e-05 1.28308 1.14387 1.07113
2.575 0.53 1.58872e-05 6.03851e-06 4.32915e-06 1.23e-05 1.29164 1.05405 1.05058
2.9325 0.185 2.18597e-05 6.76252e-06 4.09175e-06 1.94012e-05 1.12672 1.01162 1.01722
3.04 0.03 7.44563e-05 1.57757e-05 1.02611e-05 7.85117e-05 0.948346 1.00202 1.00342
3.0625 0.015 0.000176788 2.3929e-05 2.43716e-05 0.000157337 1.12362 1.00101 1.00166
3.0725 0.005 0.000192176 4.17932e-05 2.66388e-05 0.000203683 0.943504 1.00077 1.00128
3.0825 0.015 0.000293661 2.56468e-05 4.04326e-05 0.000233465 1.25784 1.00068 1.00112
3.0925 0.005 0.000320062 4.53833e-05 4.41668e-05 0.000250665 1.27685 1.00063 1.00105
3.0975 0.005 0.000273447 4.35959e-05 3.773e-05 0.000243629 1.12239 1.00065 1.00108
3.1125 0.025 0.000222988 1.87011e-05 3.08186e-05 0.000196733 1.13345 1.0006 1.00134
3.1375 0.025 5.79225e-05 1.57053e-05 8.03912e-06 8.99195e-05 0.644159 1.00133 1.00288
3.275 0.25 6.14145e-06 3.95663e-06 8.5161e-07 9.03507e-06 0.679735 1.00957 1.02284
3.7 0.6 4.62781e-06 1.662e-06 6.38209e-07 3.47011e-06 1.33362 1.00794 1.02778
# pT integrated 
0.005 0.01 8.54261 0.00419677 1.189 9.35166 0.913486 1.00978 1
0.015 0.01 2.3376 0.00208122 0.325913 2.56529 0.911243 1.00672 1.00337
0.025 0.01 1.24544 0.00154769 0.174053 1.42705 0.872738 1.01208 1.00196
0.035 0.01 0.817673 0.00133036 0.114258 0.925315 0.88367 1.01863 1.00182
0.045 0.01 0.582377 0.00122807 0.0815885 0.66534 0.875307 1.0259 1.00183
0.055 0.01 0.429094 0.00117716 0.0600982 0.475746 0.901939 1.02315 1.00196
0.065 0.01 0.316058 0.00187224 0.0420803 0.355362 0.889397 1.031 1.00218
0.075 0.01 0.23654 0.0011708 0.0333959 0.247437 0.955961 1.04452 1.00258
0.085 0.01 0.167618 0.00117382 0.0236183 0.175643 0.954313 1.06269 1.00313
0.095 0.01 0.113203 0.00119146 0.0159434 0.11411 0.992055 1.09653 1.00423
0.105 0.01 0.06945 0.00120323 0.00981721 0.0741105 0.937114 1.13143 1.00623
0.1175 0.015 0.0441837 0.00101327 0.00625435 0.0403799 1.0942 1.24117 1.01172
0.15 0.05 0.0259795 0.000600504 0.0036982 0.0216886 1.19784 1.40085 1.01881
0.1875 0.025 0.0211262 0.000924451 0.00308767 0.0166808 1.2665 1.45844 1.04335
0.255 0.11 0.0133803 0.000491921 0.00194788 0.0115011 1.1634 1.44265 1.03742
0.355 0.09 0.0102765 0.000614786 0.00170568 0.00716392 1.43448 1.60655 1.22885
0.455 0.11 0.00903929 0.000631918 0.0013497 0.00470427 1.92151 1.98273 1.7768
0.57 0.12 0.00726674 0.000588825 0.00143127 0.00385776 1.88367 2.27209 2.22015
0.69 0.12 0.00767194 0.000513098 0.00124507 0.00349329 2.19619 2.61868 2.65971
0.765 0.03 0.0117832 0.000927162 0.00177465 0.0116225 1.01382 1.49589 1.46294
0.7825 0.005 0.0220648 0.0022254 0.00315167 0.028027 0.78727 1.18741 1.16096
0.7875 0.005 0.0218701 0.00221453 0.00325944 0.0218478 1.00102 1.22812 1.20643
0.795 0.01 0.0108315 0.00153302 0.00160225 0.0105541 1.02629 1.42892 1.38294
0.845 0.09 0.00431177 0.000475128 0.000702728 0.00286771 1.50356 1.89191 1.79742
0.9275 0.075 0.00360686 0.000458784 0.000545626 0.00233564 1.54427 1.54646 1.47478
0.9825 0.035 0.0052739 0.000616838 0.000790726 0.00367156 1.43642 1.34773 1.22517
1.005 0.01 0.0101367 0.000992463 0.00144191 0.0106099 0.955405 1.0787 1.07174
1.0125 0.005 0.0212286 0.00139961 0.0030468 0.0206992 1.02558 1.04038 1.0353
1.0175 0.005 0.0245764 0.00131026 0.00355137 0.0259116 0.948473 1.03226 1.0282
1.0275 0.015 0.0129974 0.000741788 0.00199134 0.0155502 0.835836 1.05373 1.04508
1.0825 0.095 0.00211539 0.000268602 0.000669329 0.0019308 1.0956 1.38596 1.31288
1.19 0.12 0.0014797 0.000202484 0.000469201 0.00117182 1.26274 1.4035 1.37718
1.35 0.2 0.000978527 0.00012377 0.000277335 0.000822868 1.18917 1.3099 1.35356
1.55 0.2 0.000746311 9.24155e-05 0.000164972 0.000528823 1.41127 1.22294 1.32197
1.7625 0.225 0.000462905 6.48445e-05 0.000102759 0.000334542 1.3837 1.16448 1.29912
1.975 0.2 0.000257686 5.15696e-05 5.31605e-05 0.000214327 1.20231 1.12283 1.28323
2.1625 0.175 0.000170155 4.31204e-05 3.63068e-05 0.000148348 1.147 1.09507 1.27526
2.3625 0.225 9.65596e-05 2.96596e-05 2.20914e-05 0.000105652 0.913937 1.07153 1.26517
2.57 0.19 0.000128716 2.52203e-05 2.25285e-05 7.91599e-05 1.62602 1.04943 1.2431
2.7575 0.185 9.10619e-05 2.06244e-05 1.57548e-05 7.05716e-05 1.29035 1.03117 1.20441
2.92 0.14 0.000127805 2.00228e-05 1.97273e-05 9.38097e-05 1.36239 1.01434 1.11937
3.005 0.03 0.000265461 4.06234e-05 3.69188e-05 0.000183449 1.44706 1.00542 1.05424
3.0275 0.015 0.000370162 5.72093e-05 5.09898e-05 0.000290359 1.27484 1.00306 1.03306
3.045 0.02 0.000636503 5.09223e-05 8.73091e-05 0.000504775 1.26096 1.00174 1.01853
3.0625 0.015 0.000926744 6.1077e-05 0.000127424 0.000862726 1.0742 1.00104 1.01059
3.0725 0.005 0.00121053 0.000109272 0.00016648 0.00109825 1.10224 1.00081 1.00818
3.0825 0.015 0.00132385 6.35627e-05 0.000181691 0.00127723 1.0365 1.00069 1.00693
3.0925 0.005 0.00161334 0.000114071 0.000221281 0.00135526 1.19043 1.00069 1.00639
3.0975 0.005 0.00157008 0.000113313 0.000216385 0.00133625 1.17499 1.00068 1.00652
3.1075 0.015 0.00140301 6.35075e-05 0.000192974 0.00118836 1.18062 1.00055 1.00714
3.1225 0.015 0.000977449 5.88771e-05 0.000134393 0.000840308 1.1632 1.00079 1.00984
3.1775 0.095 0.000147595 1.87973e-05 2.03164e-05 0.000179886 0.820494 1.00339 1.04303
3.3125 0.175 3.74907e-05 1.1621e-05 5.31623e-06 2.9432e-05 1.27381 1.01408 1.2245
3.625 0.45 2.52176e-05 5.37714e-06 3.51116e-06 2.21353e-05 1.13925 1.00759 1.19099
