# M_{ee}   dM_{ee}   dN/dM_{ee}   stat.  syst.  cock.  ratio.  ratio(Rapp).  ratio(PHSD).
# Central
0.005 0.01 19.9134 0.018426 2.58874 28.6012 0.696245 1.01258 1
0.015 0.01 5.4378 0.00951901 0.706914 7.86242 0.691619 1.00863 1.00332
0.025 0.01 2.85204 0.00760055 0.370765 4.37275 0.652231 1.01551 1.002
0.035 0.01 1.88921 0.00719245 0.245597 2.82127 0.669632 1.02405 1.00184
0.045 0.01 1.34463 0.00726085 0.174802 2.03795 0.659797 1.03328 1.00183
0.055 0.01 0.993683 0.00729608 0.129179 1.43767 0.691178 1.03033 1.00204
0.065 0.01 0.735771 0.00768852 0.0956515 1.08152 0.680313 1.04033 1.00224
0.075 0.01 0.537178 0.00780785 0.0698353 0.752424 0.71393 1.05795 1.00267
0.085 0.01 0.379907 0.00815864 0.0493918 0.529501 0.717481 1.08234 1.00332
0.095 0.01 0.22419 0.00832999 0.0291524 0.340552 0.658313 1.12806 1.00466
0.105 0.01 0.144746 0.0088264 0.0188313 0.221138 0.65455 1.17404 1.00622
0.1175 0.015 0.102866 0.0074794 0.0133965 0.116792 0.880761 1.32961 1.0099
0.1425 0.035 0.0501957 0.0053609 0.00658991 0.0653821 0.767728 1.55289 1.01488
0.19 0.06 0.0425676 0.00459589 0.00566584 0.0469554 0.906554 1.5908 1.01973
0.2725 0.105 0.0348765 0.00406157 0.00513824 0.0305421 1.14192 1.63889 1.03134
0.4125 0.175 0.0308631 0.00375688 0.00595111 0.0171107 1.80373 2.04699 1.4818
0.57 0.14 0.0301893 0.00425181 0.0059394 0.0121482 2.48509 2.54883 2.1334
0.69 0.1 0.0285976 0.00430859 0.00512661 0.0109327 2.61579 2.97379 2.56492
0.7575 0.035 0.0316197 0.00653276 0.00505746 0.0231801 1.36409 1.95742 1.72064
0.78 0.01 0.0427182 0.0118329 0.00621826 0.0755319 0.565565 1.26877 1.19235
0.8075 0.045 0.0144623 0.00533171 0.00319401 0.0217105 0.666143 1.66668 1.4825
0.8725 0.085 0.0126262 0.00348809 0.00265124 0.00776195 1.62668 1.88015 1.65397
0.9575 0.085 0.00851748 0.00303004 0.00195928 0.00902689 0.943567 1.53023 1.30606
1.0075 0.015 0.0273754 0.00474049 0.00383005 0.0396054 0.691203 1.07828 1.05577
1.0175 0.005 0.0637578 0.00808307 0.00839836 0.0725996 0.878211 1.04269 1.02986
1.025 0.01 0.0474625 0.00564643 0.00645211 0.0539499 0.879752 1.05748 1.03884
1.06 0.06 0.00658569 0.00216119 0.00191421 0.00852802 0.772241 1.36358 1.22323
1.15 0.12 0.00466292 0.00131576 0.00229695 0.00419385 1.11185 1.49427 1.35463
1.3025 0.185 0.00280448 0.000831145 0.0013736 0.00293887 0.954272 1.38601 1.33176
1.5 0.21 0.00167247 0.000574066 0.000699478 0.00189184 0.884043 1.28588 1.30375
1.71 0.21 0.00133149 0.000419953 0.000381768 0.00119129 1.11768 1.21837 1.282
1.9575 0.285 0.000567419 0.000254616 0.000177031 0.000713268 0.79552 1.17045 1.264
2.275 0.35 0.000228935 0.000150866 7.05881e-05 0.000396597 0.577249 1.11878 1.24651
2.605 0.31 0.000136754 0.000105302 3.82779e-05 0.000250507 0.545909 1.07413 1.21547
2.8725 0.225 0.000127118 8.98931e-05 3.35261e-05 0.000264322 0.480922 1.03323 1.13432
3 0.03 0.000732166 0.000216451 9.54702e-05 0.000519754 1.40868 1.0117 1.05722
3.03 0.03 0.00114938 0.000213061 0.00014958 0.000962811 1.19378 1.00546 1.02937
3.0575 0.025 0.00219901 0.000238678 0.000285945 0.00219889 1.00005 1.00239 1.01236
3.075 0.01 0.00342375 0.000388217 0.000445132 0.0033296 1.02828 1.00161 1.00793
3.085 0.01 0.00275605 0.000375824 0.000358339 0.00379748 0.725757 1.00138 1.00685
3.0925 0.005 0.0037475 0.000549349 0.000487212 0.00391616 0.956931 1.00137 1.00653
3.1 0.01 0.00401149 0.000388531 0.000521528 0.00379145 1.05804 1.0012 1.0067
3.1175 0.025 0.00255448 0.000228965 0.000332131 0.00279041 0.915448 1.00142 1.0088
3.135 0.01 0.0011104 0.000332777 0.000144454 0.00159262 0.697217 1.00252 1.01495
3.2075 0.135 0.000233898 8.05779e-05 3.07716e-05 0.000313667 0.745688 1.01106 1.06932
3.4725 0.395 0.00012023 3.59309e-05 1.58661e-05 8.1399e-05 1.47705 1.02173 1.19564
3.86 0.38 6.13254e-05 2.48502e-05 8.07062e-06 5.73478e-05 1.06936 1.01081 1.07354
4.225 0.35 2.93556e-05 1.83183e-05 3.86966e-06 3.32135e-05 0.883847 1.00703 1
# 10-40%
0.005 0.01 11.5631 0.00733509 1.61027 13.2602 0.872016 1.00998 1
0.015 0.01 3.17043 0.00364179 0.441462 3.63861 0.871329 1.00688 1.00298
0.025 0.01 1.66907 0.00267572 0.232886 2.02277 0.82514 1.01238 1.00178
0.035 0.01 1.09939 0.00230618 0.153808 1.31381 0.836793 1.01906 1.00165
0.045 0.01 0.790901 0.00214528 0.110669 0.945552 0.836444 1.02647 1.00164
0.055 0.01 0.580404 0.0020607 0.0813321 0.676544 0.857896 1.02356 1.00178
0.065 0.01 0.430233 0.00201444 0.0603464 0.504528 0.852743 1.0316 1.00196
0.075 0.01 0.325401 0.00203468 0.0458098 0.344834 0.943644 1.04623 1.00242
0.085 0.01 0.227768 0.0020314 0.0321256 0.24473 0.930692 1.06512 1.00295
0.095 0.01 0.155285 0.00206312 0.0218389 0.15976 0.971991 1.09978 1.004
0.105 0.01 0.0981693 0.00211 0.0138769 0.102129 0.961225 1.13838 1.00553
0.1175 0.015 0.0596019 0.00175331 0.0084009 0.0553017 1.07776 1.25549 1.00867
0.1425 0.035 0.0383711 0.00122169 0.00542225 0.0305712 1.25514 1.43365 1.01292
0.185 0.05 0.0293319 0.00112312 0.00425705 0.0225411 1.30126 1.46633 1.01523
0.26 0.1 0.0185442 0.000901864 0.00276339 0.0149067 1.24402 1.49119 1.01808
0.36 0.1 0.0128227 0.00101966 0.00211516 0.00937604 1.3676 1.68001 1.25328
0.46 0.1 0.0117809 0.00115473 0.0018295 0.00621167 1.89658 2.08143 1.80989
0.56 0.1 0.00919084 0.00112889 0.00176944 0.00524407 1.75261 2.33218 2.2871
0.655 0.09 0.00959297 0.00107316 0.00175694 0.00453934 2.11329 2.71361 2.88497
0.74 0.08 0.0113696 0.00101201 0.00175533 0.00903078 1.25898 1.9237 2.26686
0.7825 0.005 0.0342357 0.00381717 0.00514882 0.0374076 0.915206 1.20084 1.27517
0.7875 0.005 0.029607 0.00378859 0.00456706 0.0291697 1.01499 1.24433 1.35299
0.815 0.05 0.0091575 0.0011437 0.00177945 0.00654227 1.39974 1.7709 2.25118
0.895 0.11 0.00408993 0.000681467 0.000649038 0.00314496 1.30047 1.7207 2.00788
0.975 0.05 0.00594296 0.000894056 0.000993524 0.00452409 1.31363 1.40368 1.33962
1.005 0.01 0.0149464 0.00171217 0.00214699 0.014619 1.0224 1.08168 1.08832
1.0125 0.005 0.0266226 0.00223992 0.00386037 0.0285918 0.931127 1.04178 1.04198
1.02 0.01 0.0290478 0.0015843 0.00423684 0.0339264 0.856201 1.03519 1.0342
1.0325 0.015 0.00948853 0.00125085 0.00163433 0.0130309 0.728155 1.09166 1.08436
1.065 0.05 0.00241504 0.000647834 0.000828696 0.00272603 0.885919 1.43812 1.36164
1.17 0.16 0.00194251 0.000309595 0.000688255 0.00162698 1.19394 1.4483 1.40881
1.325 0.15 0.00158642 0.000250732 0.000427003 0.00112347 1.41207 1.36357 1.3632
1.475 0.15 0.00122128 0.000200436 0.000285371 0.000803382 1.52017 1.26714 1.33838
1.6375 0.175 0.000945334 0.000147024 0.000199125 0.000563216 1.67846 1.22162 1.31939
1.85 0.25 0.000534019 9.22126e-05 0.000102968 0.000358754 1.48854 1.16798 1.29594
2.1 0.25 0.000232542 6.60003e-05 4.87143e-05 0.000218961 1.06202 1.12233 1.27782
2.3625 0.275 0.000162129 4.52643e-05 3.25912e-05 0.000140245 1.15604 1.08493 1.26014
2.65 0.3 0.000115256 3.08385e-05 2.412e-05 0.000100313 1.14897 1.04942 1.22081
2.895 0.19 0.000134207 2.95649e-05 2.45566e-05 0.000121402 1.10548 1.01924 1.1242
3.0125 0.045 0.000355171 5.5537e-05 5.14412e-05 0.000304057 1.16811 1.0052 1.04139
3.045 0.02 0.000847425 8.61013e-05 0.000116635 0.000690715 1.22688 1.0021 1.01746
3.0625 0.015 0.00116675 0.000102604 0.000160742 0.00117393 0.993881 1.00128 1.01004
3.0725 0.005 0.00152631 0.000183381 0.000209798 0.00148965 1.02461 1.00099 1.00779
3.0825 0.015 0.00176382 0.000108034 0.000242695 0.00172622 1.02178 1.00085 1.00666
3.0925 0.005 0.00226656 0.000195874 0.000311505 0.00183242 1.23692 1.00082 1.00614
3.0975 0.005 0.00197886 0.000190224 0.000272634 0.00181103 1.09267 1.00082 1.00624
3.11 0.02 0.00182773 9.28263e-05 0.000251931 0.00153712 1.18906 1.00071 1.00713
3.1275 0.015 0.00101344 9.54814e-05 0.000139683 0.000975865 1.0385 1.00114 1.0109
3.1725 0.075 0.000205933 3.58307e-05 2.83685e-05 0.000249278 0.826118 1.00431 1.04011
3.305 0.19 5.01344e-05 1.88886e-05 7.04233e-06 4.45337e-05 1.12576 1.01609 1.19447
3.625 0.45 3.12458e-05 9.02931e-06 4.3395e-06 3.18211e-05 0.98192 1.00925 1.17059
4.125 0.55 1.94827e-05 5.17846e-06 2.68835e-06 1.53108e-05 1.27248 1.00484 1
# 40-80%
0.005 0.01 2.13764 0.0022644 0.298009 2.71728 0.786683 1.0059 1
0.015 0.01 0.577945 0.00108797 0.0806174 0.748414 0.772226 1.00402 1.00195
0.025 0.01 0.306835 0.000770617 0.0428261 0.416418 0.736843 1.00722 1.00113
0.035 0.01 0.201698 0.000627458 0.0281667 0.269804 0.747573 1.01114 1.00109
0.045 0.01 0.143055 0.000540754 0.019977 0.193041 0.741059 1.01557 1.00106
0.055 0.01 0.105472 0.000486819 0.0147529 0.139453 0.756329 1.01381 1.00116
0.065 0.01 0.0794262 0.00044812 0.0111278 0.103959 0.764013 1.01852 1.00123
0.075 0.01 0.0570241 0.000418935 0.00799887 0.0718611 0.793532 1.02679 1.00142
0.085 0.01 0.0410734 0.000395758 0.00578032 0.0513336 0.800127 1.0375 1.00182
0.095 0.01 0.0273183 0.000381217 0.00384837 0.0329933 0.827995 1.05836 1.00256
0.105 0.01 0.0168669 0.000366985 0.00237541 0.0220969 0.763315 1.07598 1.00363
0.1175 0.015 0.0106609 0.000294515 0.00150491 0.0123177 0.865494 1.13629 1.00519
0.1425 0.035 0.00677457 0.000192966 0.000958577 0.00698718 0.969572 1.22575 1.00729
0.185 0.05 0.00525375 0.000173099 0.000753943 0.0051225 1.02562 1.24534 1.00686
0.255 0.09 0.0032697 0.000142805 0.000467739 0.00340088 0.961428 1.26171 1.00659
0.35 0.1 0.00247807 0.000152222 0.00036608 0.00208966 1.18587 1.36877 1.15035
0.43 0.06 0.00193051 0.000220542 0.000298684 0.00137573 1.40326 1.60971 1.3973
0.525 0.13 0.00171428 0.000151535 0.000253986 0.000987146 1.7366 1.94022 2.01846
0.6325 0.085 0.00179549 0.000168987 0.000270612 0.000806774 2.22552 2.30886 2.65202
0.7275 0.105 0.00229401 0.00013229 0.000353938 0.00156181 1.46882 1.75727 2.412
0.785 0.01 0.00593156 0.000398322 0.000852339 0.00745403 0.795752 1.14075 1.29787
0.795 0.01 0.00267897 0.000387115 0.000397162 0.00300414 0.89176 1.30925 1.71159
0.845 0.09 0.000876336 0.000117506 0.000137909 0.000641135 1.36685 1.80746 3.06352
0.945 0.11 0.000840114 9.00208e-05 0.000126864 0.000610582 1.37592 1.40703 1.59229
1.005 0.01 0.00263363 0.000248383 0.000381074 0.00274131 0.960719 1.05818 1.07791
1.0125 0.005 0.00410511 0.000335267 0.000656658 0.00549053 0.747671 1.02906 1.03379
1.02 0.01 0.00510891 0.000237278 0.000810068 0.00653965 0.781221 1.02439 1.02654
1.0375 0.025 0.00102539 0.000137186 0.00036972 0.00174121 0.588896 1.09164 1.09007
1.125 0.15 0.000370038 4.82392e-05 0.00026152 0.000285345 1.29681 1.42565 1.36854
1.3125 0.225 0.000165187 2.90723e-05 0.000113261 0.00016955 0.974269 1.30134 1.28684
1.5375 0.225 0.000121209 2.05284e-05 7.21478e-05 0.000102663 1.18065 1.19292 1.26231
1.75 0.2 9.27202e-05 1.59836e-05 3.51075e-05 6.45594e-05 1.4362 1.12718 1.24488
1.9675 0.235 5.54728e-05 1.09527e-05 1.91139e-05 4.12299e-05 1.34545 1.08441 1.23391
2.1925 0.215 3.79985e-05 8.54601e-06 1.21393e-05 2.72667e-05 1.39358 1.0524 1.22722
2.3875 0.175 2.39801e-05 7.40415e-06 9.49278e-06 2.01417e-05 1.19057 1.03227 1.21161
2.5725 0.195 2.60726e-05 5.73426e-06 6.58113e-06 1.65718e-05 1.57331 1.02021 1.1922
2.7475 0.155 2.00151e-05 5.29584e-06 6.96961e-06 1.59253e-05 1.25681 1.01099 1.14783
2.9 0.15 2.64639e-05 4.75636e-06 6.57878e-06 2.26318e-05 1.16932 1.00438 1.08258
3.0075 0.065 5.08422e-05 7.09099e-06 8.28832e-06 6.38614e-05 0.796133 1.00101 1.02496
3.045 0.01 0.000136188 2.14036e-05 1.9011e-05 0.00015426 0.882847 1.00036 1.00971
3.065 0.03 0.000260227 1.54754e-05 3.63475e-05 0.000286209 0.90922 1.0002 1.00505
3.0875 0.015 0.000385723 2.51987e-05 5.34423e-05 0.000412911 0.934156 1.00014 1.00335
3.0975 0.005 0.000356776 4.19939e-05 4.94931e-05 0.000416301 0.857015 1.00013 1.00328
3.1025 0.005 0.000303185 3.94925e-05 4.18849e-05 0.000399093 0.759686 1.0001 1.00335
3.115 0.02 0.0002596 1.87048e-05 3.6171e-05 0.000318336 0.815491 1.00012 1.00411
3.1375 0.025 0.000119098 1.27225e-05 1.66088e-05 0.000156388 0.761554 1.00024 1.00806
3.175 0.05 2.61877e-05 6.27577e-06 3.77915e-06 4.1019e-05 0.638429 1.00093 1.03041
3.325 0.25 6.9128e-06 2.20187e-06 1.03256e-06 7.16786e-06 0.964416 1.00293 1.14533
3.5625 0.225 4.99059e-06 1.84519e-06 8.2504e-07 5.36705e-06 0.929857 1.00173 1.14975
3.8125 0.275 3.48659e-06 1.32385e-06 5.17106e-07 4.30102e-06 0.810643 1.00089 1.07141
4.175 0.45 2.45111e-06 7.61328e-07 3.48979e-07 2.10462e-06 1.16464 1.00055 1
# MinBias
0.005 0.01 8.54261 0.00419677 1.189 9.35227 0.913427 1.00978 1
0.015 0.01 2.3376 0.00208122 0.325913 2.56547 0.911178 1.00672 1.00337
0.025 0.01 1.24544 0.00154769 0.174053 1.4271 0.872706 1.01207 1.00196
0.035 0.01 0.817673 0.00133036 0.114258 0.925359 0.883628 1.01862 1.00182
0.045 0.01 0.582377 0.00122807 0.0815885 0.665377 0.875259 1.0259 1.00183
0.055 0.01 0.429094 0.00117716 0.0600982 0.475754 0.901923 1.02315 1.00196
0.065 0.01 0.316058 0.00187224 0.0420803 0.35538 0.889353 1.031 1.00218
0.075 0.01 0.23654 0.0011708 0.0333959 0.247436 0.955963 1.04452 1.00258
0.085 0.01 0.167618 0.00117382 0.0236183 0.175653 0.954258 1.06269 1.00313
0.095 0.01 0.113203 0.00119146 0.0159434 0.114105 0.992093 1.09653 1.00423
0.105 0.01 0.06945 0.00120323 0.00981721 0.0741244 0.936938 1.13141 1.00622
0.1175 0.015 0.0441837 0.00101327 0.00625435 0.0403906 1.09391 1.24111 1.01172
0.15 0.05 0.0259795 0.000600504 0.0036982 0.0216975 1.19735 1.40069 1.0188
0.1875 0.025 0.0211262 0.000924451 0.00308767 0.0166919 1.26566 1.45813 1.04332
0.255 0.11 0.0133803 0.000491921 0.00194788 0.0115082 1.16268 1.44238 1.0374
0.355 0.09 0.0102765 0.000614786 0.00170568 0.00718066 1.43114 1.60514 1.22831
0.455 0.11 0.00903929 0.000631918 0.0013497 0.00474489 1.90506 1.97432 1.77015
0.57 0.12 0.00726674 0.000588825 0.00143127 0.00388672 1.86963 2.26261 2.21106
0.69 0.12 0.00767194 0.000513098 0.00124507 0.003522 2.17829 2.60549 2.64618
0.765 0.03 0.0117832 0.000927162 0.00177465 0.0116445 1.01191 1.49496 1.46207
0.7825 0.005 0.0220648 0.0022254 0.00315167 0.0280829 0.785702 1.18704 1.16064
0.7875 0.005 0.0218701 0.00221453 0.00325944 0.0218928 0.998962 1.22765 1.20601
0.795 0.01 0.0108315 0.00153302 0.00160225 0.010557 1.026 1.42879 1.38283
0.845 0.09 0.00431177 0.000475128 0.000702728 0.00287389 1.50032 1.88999 1.7957
0.9275 0.075 0.00360686 0.000458784 0.000545626 0.00233709 1.54331 1.54612 1.47449
0.9825 0.035 0.0052739 0.000616838 0.000790726 0.00366435 1.43924 1.34842 1.22562
1.005 0.01 0.0101367 0.000992463 0.00144191 0.0106165 0.954803 1.07865 1.0717
1.0125 0.005 0.0212286 0.00139961 0.0030468 0.0206787 1.02659 1.04042 1.03534
1.0175 0.005 0.0245764 0.00131026 0.00355137 0.0258674 0.950092 1.03231 1.02825
1.0275 0.015 0.0129974 0.000741788 0.00199134 0.0155492 0.83589 1.05373 1.04508
1.0825 0.095 0.00211539 0.000268602 0.000669329 0.00190717 1.10917 1.39074 1.31676
1.19 0.12 0.0014797 0.000202484 0.000469201 0.00114937 1.2874 1.41138 1.38454
1.35 0.2 0.000978527 0.00012377 0.000277335 0.000794974 1.23089 1.32077 1.36597
1.55 0.2 0.000746311 9.24155e-05 0.000164972 0.000509844 1.4638 1.23124 1.33396
1.7625 0.225 0.000462905 6.48445e-05 0.000102759 0.000321612 1.43933 1.17109 1.31115
1.975 0.2 0.000257686 5.15696e-05 5.31605e-05 0.000206448 1.24819 1.12751 1.29403
2.1625 0.175 0.000170155 4.31204e-05 3.63068e-05 0.00014491 1.17421 1.09732 1.28179
2.3625 0.225 9.65596e-05 2.96596e-05 2.20914e-05 0.000103672 0.931399 1.0729 1.27024
2.57 0.19 0.000128716 2.52203e-05 2.25285e-05 7.95953e-05 1.61713 1.04916 1.24177
2.7575 0.185 9.10619e-05 2.06244e-05 1.57548e-05 7.1149e-05 1.27988 1.03092 1.20275
2.92 0.14 0.000127805 2.00228e-05 1.97273e-05 9.74393e-05 1.31164 1.0138 1.11492
3.005 0.03 0.000265461 4.06234e-05 3.69188e-05 0.000192316 1.38034 1.00517 1.05174
3.0275 0.015 0.000370162 5.72093e-05 5.09898e-05 0.000299844 1.23451 1.00296 1.03201
3.045 0.02 0.000636503 5.09223e-05 8.73091e-05 0.000518681 1.22716 1.00169 1.01803
3.0625 0.015 0.000926744 6.1077e-05 0.000127424 0.00088172 1.05106 1.00102 1.01036
3.0725 0.005 0.00121053 0.000109272 0.00016648 0.00111894 1.08185 1.0008 1.00803
3.0825 0.015 0.00132385 6.35627e-05 0.000181691 0.00129669 1.02094 1.00068 1.00682
3.0925 0.005 0.00161334 0.000114071 0.000221281 0.00137647 1.17209 1.00068 1.00629
3.0975 0.005 0.00157008 0.000113313 0.000216385 0.00136039 1.15414 1.00067 1.00641
3.1075 0.015 0.00140301 6.35075e-05 0.000192974 0.00120994 1.15957 1.00054 1.00701
3.1225 0.015 0.000977449 5.88771e-05 0.000134393 0.00085771 1.1396 1.00077 1.00964
3.1775 0.095 0.000147595 1.87973e-05 2.03164e-05 0.000188209 0.784209 1.00324 1.04113
3.3125 0.175 3.74907e-05 1.1621e-05 5.31623e-06 3.16682e-05 1.18386 1.01309 1.20865
3.625 0.45 2.52176e-05 5.37714e-06 3.51116e-06 2.37701e-05 1.0609 1.00707 1.17786
4.125 0.55 1.07294e-05 3.05275e-06 1.49114e-06 1.14182e-05 0.939677 1.00357 1
