# M_{ee}   dM_{ee}   dN/dM_{ee}/Npart   stat.  syst.  (MinBias)
0.005 0 0.0677286 3.32734e-05 1.189
0.015 0 0.0185333 1.65006e-05 0.325913
0.025 0 0.00987426 1.22706e-05 0.174053
0.035 0 0.00648278 1.05475e-05 0.114258
0.045 0 0.00461728 9.73654e-06 0.0815885
0.055 0 0.003402 9.33291e-06 0.0600982
0.065 0 0.00250581 1.48437e-05 0.0420803
0.075 0 0.00187537 9.28249e-06 0.0333959
0.085 0 0.00132893 9.30643e-06 0.0236183
0.095 0 0.000897511 9.44629e-06 0.0159434
0.105 0 0.000550622 9.5396e-06 0.00981721
0.1175 0 0.000350303 8.03354e-06 0.00625435
0.15 0 0.000205974 4.76099e-06 0.0036982
0.1875 0 0.000167495 7.32935e-06 0.00308767
0.255 0 0.000106083 3.90011e-06 0.00194788
0.355 0 8.14755e-05 4.87423e-06 0.00170568
0.455 0 7.16665e-05 5.01005e-06 0.0013497
0.57 0 5.76131e-05 4.6684e-06 0.00143127
0.69 0 6.08257e-05 4.06801e-06 0.00124507
0.765 0 9.34211e-05 7.35084e-06 0.00177465
0.7825 0 0.000174937 1.76437e-05 0.00315167
0.7875 0 0.000173393 1.75575e-05 0.00325944
0.795 0 8.58757e-05 1.21543e-05 0.00160225
0.845 0 3.41851e-05 3.76697e-06 0.000702728
0.9275 0 2.85964e-05 3.63739e-06 0.000545626
0.9825 0 4.18132e-05 4.89049e-06 0.000790726
1.005 0 8.03671e-05 7.86857e-06 0.00144191
1.0125 0 0.000168307 1.10966e-05 0.0030468
1.0175 0 0.00019485 1.03882e-05 0.00355137
1.0275 0 0.000103048 5.88114e-06 0.00199134
1.0825 0 1.67715e-05 2.12956e-06 0.000669329
1.19 0 1.17315e-05 1.60536e-06 0.000469201
1.35 0 7.75808e-06 9.81289e-07 0.000277335
1.55 0 5.917e-06 7.327e-07 0.000164972
1.7625 0 3.67006e-06 5.14108e-07 0.000102759
1.975 0 2.04302e-06 4.08861e-07 5.31605e-05
2.1625 0 1.34904e-06 3.41873e-07 3.63068e-05
2.3625 0 7.65556e-07 2.35151e-07 2.20914e-05
2.57 0 1.0205e-06 1.99955e-07 2.25285e-05
2.7575 0 7.21969e-07 1.63517e-07 1.57548e-05
2.92 0 1.01328e-06 1.58747e-07 1.97273e-05
3.005 0 2.10466e-06 3.22076e-07 3.69188e-05
3.0275 0 2.93477e-06 4.53574e-07 5.09898e-05
3.045 0 5.0464e-06 4.03729e-07 8.73091e-05
3.0625 0 7.34753e-06 4.84238e-07 0.000127424
3.0725 0 9.59748e-06 8.66344e-07 0.00016648
3.0825 0 1.04959e-05 5.03946e-07 0.000181691
3.0925 0 1.27911e-05 9.04392e-07 0.000221281
3.0975 0 1.24481e-05 8.98383e-07 0.000216385
3.1075 0 1.11235e-05 5.03508e-07 0.000192974
3.1225 0 7.74954e-06 4.66797e-07 0.000134393
3.1775 0 1.17018e-06 1.49031e-07 2.03164e-05
3.3125 0 2.97239e-07 9.21351e-08 5.31623e-06
3.625 0 1.99933e-07 4.26317e-08 3.51116e-06
4.125 0 8.50662e-08 2.42032e-08 1.49114e-06
# M_{ee}   dM_{ee}   dN/dM_{ee}/Npart   stat.  syst.  (Central)
0.005 0 0.0611028 5.65388e-05 2.58874
0.015 0 0.0166855 2.92084e-05 0.706914
0.025 0 0.00875127 2.33217e-05 0.370765
0.035 0 0.0057969 2.20695e-05 0.245597
0.045 0 0.0041259 2.22794e-05 0.174802
0.055 0 0.00304904 2.23875e-05 0.129179
0.065 0 0.00225766 2.35917e-05 0.0956515
0.075 0 0.00164829 2.39578e-05 0.0698353
0.085 0 0.00116572 2.50342e-05 0.0493918
0.095 0 0.00068791 2.556e-05 0.0291524
0.105 0 0.000444142 2.70832e-05 0.0188313
0.1175 0 0.000315637 2.295e-05 0.0133965
0.1425 0 0.000154022 1.64495e-05 0.00658991
0.19 0 0.000130616 1.41021e-05 0.00566584
0.2725 0 0.000107016 1.24626e-05 0.00513824
0.4125 0 9.47011e-05 1.15277e-05 0.00595111
0.57 0 9.26336e-05 1.30464e-05 0.0059394
0.69 0 8.77496e-05 1.32206e-05 0.00512661
0.7575 0 9.70227e-05 2.00453e-05 0.00505746
0.78 0 0.000131078 3.63084e-05 0.00621826
0.8075 0 4.43765e-05 1.636e-05 0.00319401
0.8725 0 3.87426e-05 1.07029e-05 0.00265124
0.9575 0 2.61353e-05 9.29745e-06 0.00195928
1.0075 0 8.39994e-05 1.45458e-05 0.00383005
1.0175 0 0.000195636 2.48023e-05 0.00839836
1.025 0 0.000145635 1.73257e-05 0.00645211
1.06 0 2.02077e-05 6.63145e-06 0.00191421
1.15 0 1.43078e-05 4.03731e-06 0.00229695
1.3025 0 8.60534e-06 2.55031e-06 0.0013736
1.5 0 5.13185e-06 1.76148e-06 0.000699478
1.71 0 4.08558e-06 1.28859e-06 0.000381768
1.9575 0 1.74108e-06 7.8127e-07 0.000177031
2.275 0 7.0247e-07 4.62921e-07 7.05881e-05
2.605 0 4.1962e-07 3.23111e-07 3.82779e-05
2.8725 0 3.90052e-07 2.7583e-07 3.35261e-05
3 0 2.2466e-06 6.64164e-07 9.54702e-05
3.03 0 3.52679e-06 6.53762e-07 0.00014958
3.0575 0 6.7475e-06 7.32366e-07 0.000285945
3.075 0 1.05055e-05 1.19122e-06 0.000445132
3.085 0 8.45674e-06 1.15319e-06 0.000358339
3.0925 0 1.14989e-05 1.68564e-06 0.000487212
3.1 0 1.2309e-05 1.19218e-06 0.000521528
3.1175 0 7.83823e-06 7.02562e-07 0.000332131
3.135 0 3.40718e-06 1.0211e-06 0.000144454
3.2075 0 7.17699e-07 2.47247e-07 3.07716e-05
3.4725 0 3.68917e-07 1.10251e-07 1.58661e-05
3.86 0 1.88172e-07 7.6251e-08 8.07062e-06
4.225 0 9.00755e-08 5.62083e-08 3.86966e-06
# M_{ee}   dM_{ee}   Ratio   stat.  syst. 
0.05 0.1 0.897866 0.000867599 0.00535452
0.175 0.15 0.835717 0.0447059 0.0206068
0.35 0.2 1.20195 0.131267 0.139833
0.605 0.31 1.44124 0.149073 0.160889
0.83 0.14 0.980882 0.163972 0.0875784
1 0.2 0.899207 0.123156 0.0852618
1.45 0.7 0.986537 0.17026 0.26287
2.3 1 0.697393 0.235788 0.138827
3.15 0.7 0.926186 0.0734058 0.0172382
