# M_{ee}   dM_{ee}   dN/dM_{ee}/Npart   stat.  syst.  (MinBias)
0.005 0.01 0.0660591 5.49108e-05 0.00858768
0.015 0.01 0.0180906 2.74774e-05 0.00235178
0.025 0.01 0.00964291 2.07569e-05 0.00125358
0.035 0.01 0.00637354 1.83021e-05 0.00082856
0.045 0.01 0.00450054 1.71062e-05 0.00058507
0.055 0.01 0.00331931 1.67529e-05 0.000431511
0.065 0.01 0.00247736 1.67934e-05 0.000322058
0.075 0.01 0.00185768 1.75167e-05 0.000241501
0.085 0.01 0.00128636 1.74123e-05 0.00016723
0.095 0.01 0.000867914 1.77668e-05 0.000112836
0.105 0.01 0.000540275 1.84137e-05 7.02498e-05
0.1175 0.015 0.000310905 1.53918e-05 4.04462e-05
0.15 0.05 0.00020025 9.24403e-06 2.60948e-05
0.1875 0.025 0.000158235 1.42174e-05 2.06874e-05
0.255 0.11 0.000108821 7.72392e-06 1.44511e-05
0.355 0.09 9.20201e-05 9.79244e-06 1.25942e-05
0.455 0.11 8.02109e-05 1.01085e-05 1.17176e-05
0.57 0.12 6.79234e-05 9.35416e-06 1.02561e-05
0.69 0.12 5.32501e-05 8.03631e-06 8.10247e-06
0.765 0.03 7.45922e-05 1.43522e-05 1.03067e-05
0.7825 0.005 0.000206709 3.43533e-05 2.70761e-05
0.7875 0.005 0.000144574 3.42181e-05 1.90842e-05
0.795 0.01 0.000126381 2.36956e-05 1.6739e-05
0.845 0.09 2.59826e-05 7.30749e-06 4.35288e-06
0.9275 0.075 2.11839e-05 6.99031e-06 3.53705e-06
0.9825 0.035 2.85047e-05 9.33632e-06 4.17202e-06
1.005 0.01 8.53659e-05 1.19876e-05 1.14274e-05
1.0125 0.005 0.000144466 1.6903e-05 1.89841e-05
1.0175 0.005 0.000180251 1.69436e-05 2.38437e-05
1.0275 0.015 0.000103583 9.54666e-06 1.41116e-05
1.0825 0.095 1.72817e-05 3.42425e-06 4.15748e-06
1.19 0.12 1.24274e-05 2.55734e-06 3.01049e-06
1.35 0.2 7.90225e-06 1.54382e-06 1.91939e-06
1.55 0.2 5.06884e-06 1.13518e-06 1.15352e-06
1.7625 0.225 3.59573e-06 7.85402e-07 7.36487e-07
1.975 0.2 1.83837e-06 6.15436e-07 4.14804e-07
2.1625 0.175 1.37342e-06 5.09092e-07 2.94176e-07
2.3625 0.225 9.00825e-07 3.46784e-07 1.87569e-07
2.57 0.19 9.67851e-07 2.91692e-07 1.62912e-07
2.7575 0.185 6.86878e-07 2.36145e-07 1.16307e-07
2.92 0.14 9.71593e-07 2.26894e-07 1.39756e-07
3.005 0.03 1.75201e-06 4.56826e-07 2.28565e-07
3.0275 0.015 3.02746e-06 6.527e-07 3.93988e-07
3.045 0.02 4.27387e-06 5.74661e-07 5.55872e-07
3.0625 0.015 7.21357e-06 7.07011e-07 9.37913e-07
3.0725 0.005 9.41204e-06 1.27269e-06 1.22367e-06
3.0825 0.015 9.13573e-06 7.23875e-07 1.18775e-06
3.0925 0.005 1.08444e-05 1.2926e-06 1.40985e-06
3.0975 0.005 1.32276e-05 1.34769e-06 1.71966e-06
3.1075 0.015 1.08097e-05 7.40557e-07 1.40534e-06
3.1225 0.015 7.72828e-06 6.83401e-07 1.00478e-06
3.1775 0.095 1.31391e-06 2.12806e-07 1.71266e-07
3.3125 0.175 2.5909e-07 1.30488e-07 3.48689e-08
3.625 0.45 1.95659e-07 6.00459e-08 2.57564e-08
4.125 0.55 9.5109e-08 3.37633e-08 1.24249e-08
# M_{ee}   dM_{ee}   dN/dM_{ee}/Npart   stat.  syst. (Central)
0.005 0.01 0.0611028 5.65388e-05 0.00794336
0.015 0.01 0.0166855 2.92084e-05 0.00216911
0.025 0.01 0.00875127 2.33217e-05 0.00113767
0.035 0.01 0.0057969 2.20695e-05 0.000753598
0.045 0.01 0.0041259 2.22794e-05 0.000536368
0.055 0.01 0.00304904 2.23875e-05 0.000396378
0.065 0.01 0.00225766 2.35917e-05 0.000293499
0.075 0.01 0.00164829 2.39578e-05 0.000214284
0.085 0.01 0.00116572 2.50342e-05 0.000151555
0.095 0.01 0.00068791 2.556e-05 8.94518e-05
0.105 0.01 0.000444142 2.70832e-05 5.77825e-05
0.1175 0.015 0.000315637 2.295e-05 4.11061e-05
0.1425 0.035 0.000154022 1.64495e-05 2.02206e-05
0.19 0.06 0.000130616 1.41021e-05 1.73852e-05
0.2725 0.105 0.000107016 1.24626e-05 1.57663e-05
0.4125 0.175 9.47011e-05 1.15277e-05 1.82605e-05
0.57 0.14 9.26336e-05 1.30464e-05 1.82246e-05
0.69 0.1 8.77496e-05 1.32206e-05 1.57306e-05
0.7575 0.035 9.70227e-05 2.00453e-05 1.55184e-05
0.78 0.01 0.000131078 3.63084e-05 1.90803e-05
0.8075 0.045 4.43765e-05 1.636e-05 9.80059e-06
0.8725 0.085 3.87426e-05 1.07029e-05 8.13514e-06
0.9575 0.085 2.61353e-05 9.29745e-06 6.01189e-06
1.0075 0.015 8.39994e-05 1.45458e-05 1.17522e-05
1.0175 0.005 0.000195636 2.48023e-05 2.57697e-05
1.025 0.01 0.000145635 1.73257e-05 1.97978e-05
1.06 0.06 2.02077e-05 6.63145e-06 5.87361e-06
1.15 0.12 1.43078e-05 4.03731e-06 7.04803e-06
1.3025 0.185 8.60534e-06 2.55031e-06 4.2148e-06
1.5 0.21 5.13185e-06 1.76148e-06 2.1463e-06
1.71 0.21 4.08558e-06 1.28859e-06 1.17143e-06
1.9575 0.285 1.74108e-06 7.8127e-07 5.43208e-07
2.275 0.35 7.0247e-07 4.62921e-07 2.16594e-07
2.605 0.31 4.1962e-07 3.23111e-07 1.17453e-07
2.8725 0.225 3.90052e-07 2.7583e-07 1.02872e-07
3 0.03 2.2466e-06 6.64164e-07 2.92943e-07
3.03 0.03 3.52679e-06 6.53762e-07 4.58974e-07
3.0575 0.025 6.7475e-06 7.32366e-07 8.77402e-07
3.075 0.01 1.05055e-05 1.19122e-06 1.36586e-06
3.085 0.01 8.45674e-06 1.15319e-06 1.09954e-06
3.0925 0.005 1.14989e-05 1.68564e-06 1.49497e-06
3.1 0.01 1.2309e-05 1.19218e-06 1.60027e-06
3.1175 0.025 7.83823e-06 7.02562e-07 1.01912e-06
3.135 0.01 3.40718e-06 1.0211e-06 4.43246e-07
3.2075 0.135 7.17699e-07 2.47247e-07 9.44205e-08
3.4725 0.395 3.68917e-07 1.10251e-07 4.8684e-08
3.86 0.38 1.88172e-07 7.6251e-08 2.47641e-08
4.225 0.35 9.00755e-08 5.62083e-08 1.18738e-08
