D0 R_AA @ Au+Au 200 GeV, |y|<1

pT(GeV/c) 0-10%  y  stat.     sys.      10-40% y  stat.     sys.      40-80% y  stat.     sys.
3.15e-01  5.72e-01  1.66e-01  2.17e-01  8.02e-01  1.74e-01  2.99e-01  7.39e-01  1.59e-01  2.80e-01
9.68e-01  1.19e+00  2.31e-01  2.37e-01  1.44e+00  2.74e-01  2.86e-01  1.18e+00  2.47e-01  2.47e-01
1.35e+00  1.57e+00  2.48e-01  2.30e-01  1.20e+00  2.08e-01  1.76e-01  1.40e+00  2.05e-01  2.04e-01
1.89e+00  1.19e+00  1.91e-01  1.51e-01  1.36e+00  2.27e-01  1.89e-01  7.07e-01  2.26e-01  9.09e-02
2.56e+00  5.63e-01  1.64e-01  8.54e-02  9.94e-01  2.18e-01  1.40e-01  1.09e+00  2.83e-01  1.58e-01
3.75e+00  5.04e-01  1.26e-01  5.98e-02  6.27e-01  1.65e-01  8.56e-02  9.49e-01  1.99e-01  1.06e-01
5.88e+00  2.92e-01  7.76e-02  8.67e-02  6.88e-01(upper limit 90%C.L.) 6.30e-01  1.80e-01  1.91e-01
