D0 pT spectra @ Au+Au 200 GeV, d^2N/(N_ev2pipTdpTdy) (GeV/c)^-2, |y|<1

pT(GeV/c) 0-80% y   stat.     sys.      0-10% y   stat.     sys.      10-40% y  stat.     sys.      40-80% y  stat.     sys.
3.15e-01  9.13e-02  1.61e-02  1.25e-02  2.10e-01  6.09e-02  2.65e-02  1.22e-01  2.65e-02  1.34e-02  1.63e-02  3.51e-03  2.08e-03
9.68e-01  7.30e-02  1.27e-02  8.61e-03  2.17e-01  4.18e-02  2.19e-02  1.09e-01  2.07e-02  1.10e-02  1.29e-02  2.69e-03  1.56e-03
1.35e+00  4.70e-02  6.44e-03  4.98e-03  1.51e-01  2.39e-02  1.55e-02  4.82e-02  8.34e-03  4.93e-03  8.09e-03  1.18e-03  8.23e-04
1.89e+00  1.61e-02  2.52e-03  1.75e-03  4.31e-02  6.89e-03  4.36e-03  2.03e-02  3.40e-03  2.37e-03  1.54e-03  4.91e-04  1.59e-04
2.56e+00  3.02e-03  6.36e-04  3.05e-04  5.66e-03  1.65e-03  6.69e-04  4.16e-03  9.11e-04  4.32e-04  6.57e-04  1.71e-04  7.21e-05
3.75e+00  3.07e-04  5.55e-05  3.49e-05  6.38e-04  1.60e-04  7.04e-05  3.30e-04  8.69e-05  4.27e-05  7.23e-05  1.51e-05  7.46e-06
5.88e+00  8.03e-06  1.83e-06  1.24e-06  1.85e-05  4.90e-06  2.16e-06  1.40e-05(upper limit 90%C.L.) 2.39e-06  6.84e-07  3.20e-07
