//minimum bias 1.4 < pt < 1.6 GeV/c
//Ks
//Invariant Mass Distribution Data for Ks
 //x coordinates
 double KsM[200] = {0.4005, 0.4015, 0.4025, 0.4035, 0.4045, 0.4055, 0.4065, 0.4075, 0.4085, 0.4095, 0.4105, 0.4115, 0.4125, 0.4135, 0.4145, 0.4155, 0.4165, 0.4175, 0.4185, 0.4195, 0.4205, 0.4215, 0.4225, 0.4235, 0.4245, 0.4255, 0.4265, 0.4275, 0.4285, 0.4295, 0.4305, 0.4315, 0.4325, 0.4335, 0.4345, 0.4355, 0.4365, 0.4375, 0.4385, 0.4395, 0.4405, 0.4415, 0.4425, 0.4435, 0.4445, 0.4455, 0.4465, 0.4475, 0.4485, 0.4495, 0.4505, 0.4515, 0.4525, 0.4535, 0.4545, 0.4555, 0.4565, 0.4575, 0.4585, 0.4595, 0.4605, 0.4615, 0.4625, 0.4635, 0.4645, 0.4655, 0.4665, 0.4675, 0.4685, 0.4695, 0.4705, 0.4715, 0.4725, 0.4735, 0.4745, 0.4755, 0.4765, 0.4775, 0.4785, 0.4795, 0.4805, 0.4815, 0.4825, 0.4835, 0.4845, 0.4855, 0.4865, 0.4875, 0.4885, 0.4895, 0.4905, 0.4915, 0.4925, 0.4935, 0.4945, 0.4955, 0.4965, 0.4975, 0.4985, 0.4995, 0.5005, 0.5015, 0.5025, 0.5035, 0.5045, 0.5055, 0.5065, 0.5075, 0.5085, 0.5095, 0.5105, 0.5115, 0.5125, 0.5135, 0.5145, 0.5155, 0.5165, 0.5175, 0.5185, 0.5195, 0.5205, 0.5215, 0.5225, 0.5235, 0.5245, 0.5255, 0.5265, 0.5275, 0.5285, 0.5295, 0.5305, 0.5315, 0.5325, 0.5335, 0.5345, 0.5355, 0.5365, 0.5375, 0.5385, 0.5395, 0.5405, 0.5415, 0.5425, 0.5435, 0.5445, 0.5455, 0.5465, 0.5475, 0.5485, 0.5495, 0.5505, 0.5515, 0.5525, 0.5535, 0.5545, 0.5555, 0.5565, 0.5575, 0.5585, 0.5595, 0.5605, 0.5615, 0.5625, 0.5635, 0.5645, 0.5655, 0.5665, 0.5675, 0.5685, 0.5695, 0.5705, 0.5715, 0.5725, 0.5735, 0.5745, 0.5755, 0.5765, 0.5775, 0.5785, 0.5795, 0.5805, 0.5815, 0.5825, 0.5835, 0.5845, 0.5855, 0.5865, 0.5875, 0.5885, 0.5895, 0.5905, 0.5915, 0.5925, 0.5935, 0.5945, 0.5955, 0.5965, 0.5975, 0.5985, 0.5995};
 //y coordinates
 double KsY[200] = {13649, 13866, 13891, 13898, 13923, 13934, 13875, 13931, 13976, 14232, 14221, 14288, 14384, 14181, 14382, 14268, 14393, 14506, 14534, 14506, 14500, 14661, 14655, 14751, 14691, 14582, 14816, 14719, 14867, 15031, 14794, 14849, 14499, 14763, 15202, 14812, 14671, 14986, 14841, 14811, 14869, 14992, 14836, 14875, 15187, 14746, 14975, 14748, 15030, 14869, 14809, 15065, 15085, 15110, 15222, 15112, 15190, 15022, 15239, 15245, 15079, 15243, 15381, 15293, 15481, 15439, 15531, 15661, 15767, 15823, 16082, 16455, 16733, 17354, 17296, 17967, 18582, 18721, 19944, 21075, 22675, 24155, 25936, 28343, 31329, 34698, 38809, 44026, 49638, 56739, 63818, 72875, 80437, 89266, 97609, 101941, 104580, 102318, 97158, 88605, 79006, 69199, 60431, 51513, 44504, 38923, 33484, 29736, 26405, 23582, 21506, 19698, 18122, 17045, 15767, 14977, 14066, 13307, 12838, 12237, 11960, 11445, 11185, 10760, 10722, 10093, 10149, 9749, 9639, 9349, 9177, 9197, 8636, 8680, 8707, 8523, 8359, 8176, 8021, 7908, 7846, 7813, 7883, 7586, 7461, 7362, 7459, 7254, 7307, 7098, 6983, 7100, 7047, 6802, 6854, 6968, 6742, 6877, 6765, 6815, 6727, 6676, 6579, 6707, 6557, 6509, 6612, 6572, 6537, 6448, 6511, 6441, 6453, 6510, 6495, 6496, 6359, 6469, 6439, 6419, 6393, 6281, 6471, 6245, 6346, 6351, 6427, 6361, 6298, 6271, 6315, 6292, 6256, 6246, 6420, 6217, 6205, 4268, 0, 0};
 //y coordinate errors
 double KsYErr[200] = {116.829, 117.754, 117.86, 117.89, 117.996, 118.042, 117.792, 118.03, 118.22, 119.298, 119.252, 119.532, 119.933, 119.084, 119.925, 119.449, 119.971, 120.441, 120.557, 120.441, 120.416, 121.083, 121.058, 121.454, 121.206, 120.756, 121.721, 121.322, 121.93, 122.601, 121.631, 121.856, 120.412, 121.503, 123.296, 121.705, 121.124, 122.417, 121.824, 121.7, 121.939, 122.442, 121.803, 121.963, 123.236, 121.433, 122.372, 121.441, 122.597, 121.939, 121.692, 122.74, 122.821, 122.923, 123.377, 122.931, 123.248, 122.564, 123.446, 123.471, 122.797, 123.463, 124.02, 123.665, 124.423, 124.254, 124.623, 125.144, 125.567, 125.79, 126.815, 128.277, 129.356, 131.735, 131.514, 134.041, 136.316, 136.825, 141.223, 145.172, 150.582, 155.419, 161.047, 168.354, 177, 186.274, 197, 209.824, 222.796, 238.199, 252.622, 269.954, 283.614, 298.774, 312.424, 319.282, 323.388, 319.872, 311.702, 297.666, 281.08, 263.057, 245.827, 226.965, 210.96, 197.289, 182.986, 172.441, 162.496, 153.564, 146.649, 140.35, 134.618, 130.557, 125.567, 122.381, 118.6, 115.356, 113.305, 110.621, 109.362, 106.981, 105.759, 103.73, 103.547, 100.464, 100.742, 98.737, 98.1784, 96.6902, 95.7967, 95.901, 92.9301, 93.1665, 93.3113, 92.3201, 91.4276, 90.4212, 89.56, 88.9269, 88.5776, 88.3912, 88.7863, 87.0976, 86.3771, 85.8021, 86.3655, 85.1704, 85.481, 84.2496, 83.5643, 84.2615, 83.9464, 82.4742, 82.7889, 83.4745, 82.1097, 82.9277, 82.2496, 82.553, 82.0183, 81.7068, 81.111, 81.8963, 80.9753, 80.6784, 81.3142, 81.0679, 80.8517, 80.2994, 80.6908, 80.2558, 80.3306, 80.6846, 80.5916, 80.5978, 79.7433, 80.4301, 80.2434, 80.1187, 79.9562, 79.2528, 80.4425, 79.0253, 79.6618, 79.6932, 80.1686, 79.7559, 79.3599, 79.1896, 79.467, 79.3221, 79.0949, 79.0316, 80.1249, 78.848, 78.7718, 65.3299, 0, 0};
 //background x coordinates
 double bgKsM[190] = {0.4055, 0.4065, 0.4075, 0.4085, 0.4095, 0.4105, 0.4115, 0.4125, 0.4135, 0.4145, 0.4155, 0.4165, 0.4175, 0.4185, 0.4195, 0.4205, 0.4215, 0.4225, 0.4235, 0.4245, 0.4255, 0.4265, 0.4275, 0.4285, 0.4295, 0.4305, 0.4315, 0.4325, 0.4335, 0.4345, 0.4355, 0.4365, 0.4375, 0.4385, 0.4395, 0.4405, 0.4415, 0.4425, 0.4435, 0.4445, 0.4455, 0.4465, 0.4475, 0.4485, 0.4495, 0.4505, 0.4515, 0.4525, 0.4535, 0.4545, 0.4555, 0.4565, 0.4575, 0.4585, 0.4595, 0.4605, 0.4615, 0.4625, 0.4635, 0.4645, 0.4655, 0.4665, 0.4675, 0.4685, 0.4695, 0.4705, 0.4715, 0.4725, 0.4735, 0.4745, 0.4755, 0.4765, 0.4775, 0.4785, 0.4795, 0.4805, 0.4815, 0.4825, 0.4835, 0.4845, 0.4855, 0.4865, 0.4875, 0.4885, 0.4895, 0.4905, 0.4915, 0.4925, 0.4935, 0.4945, 0.4955, 0.4965, 0.4975, 0.4985, 0.4995, 0.5005, 0.5015, 0.5025, 0.5035, 0.5045, 0.5055, 0.5065, 0.5075, 0.5085, 0.5095, 0.5105, 0.5115, 0.5125, 0.5135, 0.5145, 0.5155, 0.5165, 0.5175, 0.5185, 0.5195, 0.5205, 0.5215, 0.5225, 0.5235, 0.5245, 0.5255, 0.5265, 0.5275, 0.5285, 0.5295, 0.5305, 0.5315, 0.5325, 0.5335, 0.5345, 0.5355, 0.5365, 0.5375, 0.5385, 0.5395, 0.5405, 0.5415, 0.5425, 0.5435, 0.5445, 0.5455, 0.5465, 0.5475, 0.5485, 0.5495, 0.5505, 0.5515, 0.5525, 0.5535, 0.5545, 0.5555, 0.5565, 0.5575, 0.5585, 0.5595, 0.5605, 0.5615, 0.5625, 0.5635, 0.5645, 0.5655, 0.5665, 0.5675, 0.5685, 0.5695, 0.5705, 0.5715, 0.5725, 0.5735, 0.5745, 0.5755, 0.5765, 0.5775, 0.5785, 0.5795, 0.5805, 0.5815, 0.5825, 0.5835, 0.5845, 0.5855, 0.5865, 0.5875, 0.5885, 0.5895, 0.5905, 0.5915, 0.5925, 0.5935, 0.5945};
 //background y coordinates
 double bgKsY[190] = {13445.2, 13551, 13653.3, 13752, 13847.3, 13939.2, 14027.7, 14112.8, 14194.5, 14272.9, 14347.9, 14419.7, 14488.3, 14553.6, 14615.7, 14674.6, 14730.4, 14783.1, 14832.7, 14879.2, 14922.7, 14963.1, 15000.6, 15035.1, 15066.7, 15095.4, 15121.3, 15144.3, 15164.5, 15181.8, 15196.5, 15208.4, 15217.6, 15224.2, 15228.1, 15229.5, 15228.2, 15224.4, 15218.1, 15209.3, 15198, 15184.4, 15168.3, 15149.9, 15129.1, 15106.1, 15080.7, 15053.2, 15023.4, 14991.5, 14957.4, 14921.3, 14883, 14842.7, 14800.4, 14756.2, 14710, 14661.9, 14611.9, 14560, 14506.4, 14451, 14393.8, 14335, 14274.4, 14212.3, 14148.5, 14083.2, 14016.3, 13947.9, 13878.1, 13806.8, 13734.2, 13660.2, 13584.9, 13508.3, 13430.4, 13351.4, 13271.1, 13189.8, 13107.3, 13023.8, 12939.2, 12853.6, 12767.1, 12679.7, 12591.4, 12502.3, 12412.4, 12321.7, 12230.3, 12138.1, 12045.4, 11952, 11858.1, 11763.7, 11668.7, 11573.3, 11477.5, 11381.3, 11284.8, 11188, 11090.9, 10993.6, 10896.2, 10798.6, 10701, 10603.2, 10505.5, 10407.8, 10310.2, 10212.7, 10115.4, 10018.3, 9921.36, 9824.75, 9728.46, 9632.54, 9537.04, 9441.99, 9347.44, 9253.42, 9159.99, 9067.19, 8975.06, 8883.64, 8792.98, 8703.13, 8614.11, 8525.99, 8438.81, 8352.6, 8267.42, 8183.31, 8100.31, 8018.47, 7937.84, 7858.46, 7780.37, 7703.63, 7628.27, 7554.35, 7481.91, 7411, 7341.66, 7273.93, 7207.88, 7143.54, 7080.97, 7020.2, 6961.29, 6904.28, 6849.22, 6796.17, 6745.16, 6696.25, 6649.48, 6604.91, 6562.57, 6522.53, 6484.83, 6449.52, 6416.65, 6386.27, 6358.42, 6333.16, 6310.54, 6290.61, 6273.41, 6259, 6247.44, 6238.76, 6233.02, 6230.28, 6230.57, 6233.96, 6240.5, 6250.24, 6263.22, 6279.51, 6299.14, 6322.19, 6348.69, 6378.7, 6412.28, 6449.47, 6490.33, 6534.92, 6583.28, 6635.47};
  
  //v2 vs. invariant mass
  //x coordiantes for data and fits
  double Ksv2M[40] = {0.4025, 0.4075, 0.4125, 0.4175, 0.4225, 0.4275, 0.4325,
0.4375, 0.4425, 0.4475, 0.4525, 0.4575, 0.4625, 0.4675, 0.4725, 0.4775,
0.4825, 0.4875, 0.4925, 0.4975, 0.5025, 0.5075, 0.5125, 0.5175, 0.5225,
0.5275, 0.5325, 0.5375, 0.5425, 0.5475, 0.5525, 0.5575, 0.5625, 0.5675,
0.5725, 0.5775, 0.5825, 0.5875, 0.5925, 0.5975};
 //y (v2_Tot)  for data
 double Ksv2Tot[40] = {0.0634989, 0.0643665, 0.0692253, 0.0609523, 0.0641811,
0.0652936, 0.0606722, 0.0621092, 0.0653555, 0.0662789, 0.0666056, 0.0633657,
0.0593718, 0.0664465, 0.0638317, 0.0626486, 0.0682624, 0.0689965, 0.0667022,
0.068305, 0.0687561, 0.0675848, 0.0641499, 0.0625948, 0.0700107, 0.0598343,
0.0635808, 0.0715818, 0.0679472, 0.0654726, 0.0560999, 0.0681252, 0.0672706,
0.0634647, 0.0679756, 0.0649077, 0.0572419, 0.0588782, 0.0664555, 0.0632205};
 //y error (v2_Tot Error) for data
 double Ksv2TotErr[40] = {0.00268073, 0.00266937, 0.00263561, 0.00262174,
0.00259792, 0.0025932, 0.00258945, 0.00259743, 0.00258077, 0.00258243,
0.00256697, 0.00255892, 0.00255362, 0.00252068, 0.00243538, 0.00227458,
0.00193721, 0.00148675, 0.00110898, 0.0010027, 0.00127764, 0.0018066,
0.00232648, 0.00270972, 0.00298146, 0.00318048, 0.00335459, 0.00347582,
0.00359395, 0.0036939, 0.0037754, 0.00381189, 0.00386114, 0.00391144,
0.00391562, 0.00393859, 0.00396332, 0.00396341, 0.00396986, 0.00544397};
 //y (v2_Tot)  for fit
 double Ksv2fit[40] = {0.0647962, 0.0647508, 0.0647054, 0.06466, 0.0646146,
0.0645692, 0.0645238, 0.0644784, 0.064433, 0.0643876, 0.0643444, 0.064381,
0.0644422, 0.0645773, 0.0649147, 0.065472, 0.0664379, 0.0674518, 0.0680915,
0.0682464, 0.067903, 0.0670212, 0.0659403, 0.0650244, 0.0644311, 0.0639973,
0.0637191, 0.0635247, 0.0634272, 0.0633418, 0.0632879, 0.0633746, 0.0633434,
0.063298, 0.0632526, 0.0632072, 0.0631618, 0.0631164, 0.063071, 0.0630256};
 //y (v2_Sig*S/(S+B) )  for fit
 double Ksv2fitSig[40] = {0, 0, 0, 0, 0, 0, 0, 0, 0, 0, 3.29899e-05,
0.00127419, 0.00286002, 0.00550997, 0.0110846, 0.0197511, 0.0341456,
0.0489541, 0.0581927, 0.0604617, 0.0557683, 0.0437496, 0.0292313, 0.0172017,
0.00970836, 0.004464, 0.00136014, -0.000597048, -0.00126627, -0.00176864,
-0.00186137, -0.000179544, 0, 0, 0, 0, 0, 0, 0, 0};
 //y (v2_Bg*B/(S+B) )  for fit
 double Ksv2fitBg[40] = {0.0647962, 0.0647508, 0.0647054, 0.06466, 0.0646146,
0.0645692, 0.0645238, 0.0644784, 0.064433, 0.0643876, 0.0643114, 0.0631068,
0.0615822, 0.0590673, 0.0538302, 0.0457209, 0.0322922, 0.0184976, 0.00989881,
0.00778471, 0.0121346, 0.0232716, 0.036709, 0.0478227, 0.0547228, 0.0595333,
0.062359, 0.0641217, 0.0646934, 0.0651104, 0.0651493, 0.0635541, 0.0633434,
0.063298, 0.0632526, 0.0632072, 0.0631618, 0.0631164, 0.063071, 0.0630256};

 

 //LLbar
//Invariant Mass Distribution Data for Ks
 //x coordinates
 double LLbarM[80] = {1.0805, 1.0815, 1.0825, 1.0835, 1.0845, 1.0855, 1.0865, 1.0875, 1.0885, 1.0895, 1.0905, 1.0915, 1.0925, 1.0935, 1.0945, 1.0955, 1.0965, 1.0975, 1.0985, 1.0995, 1.1005, 1.1015, 1.1025, 1.1035, 1.1045, 1.1055, 1.1065, 1.1075, 1.1085, 1.1095, 1.1105, 1.1115, 1.1125, 1.1135, 1.1145, 1.1155, 1.1165, 1.1175, 1.1185, 1.1195, 1.1205, 1.1215, 1.1225, 1.1235, 1.1245, 1.1255, 1.1265, 1.1275, 1.1285, 1.1295, 1.1305, 1.1315, 1.1325, 1.1335, 1.1345, 1.1355, 1.1365, 1.1375, 1.1385, 1.1395, 1.1405, 1.1415, 1.1425, 1.1435, 1.1445, 1.1455, 1.1465, 1.1475, 1.1485, 1.1495, 1.1505, 1.1515, 1.1525, 1.1535, 1.1545, 1.1555, 1.1565, 1.1575, 1.1585, 1.1595};
 //y coordinates
 double LLbarY[80] = {3595, 4304, 5539, 6707, 8066, 9368, 10231, 11376, 12233, 12717, 13244, 14076, 14455, 14801, 14893, 15445, 15518, 15858, 15901, 16395, 17063, 17073, 17861, 18139, 18964, 19876, 21294, 23136, 25901, 31407, 41876, 60221, 96547, 162696, 262462, 328644, 250346, 147991, 85019, 53882, 38900, 31541, 27269, 25015, 23804, 22983, 22766, 22337, 22461, 22169, 22267, 22440, 22585, 22653, 22587, 22626, 22932, 22986, 23596, 23379, 23269, 23942, 23362, 23893, 24023, 23951, 23788, 23951, 23891, 24073, 24170, 24184, 23895, 23695, 23424, 23638, 23156, 23073, 22853, 23016};
 //y coordinate errors
 double LLbarYErr[80] = {59.9583, 65.6049, 74.4245, 81.8963, 89.8109, 96.7884, 101.148, 106.658, 110.603, 112.77, 115.083, 118.642, 120.229, 121.659, 122.037, 124.278, 124.571, 125.929, 126.099, 128.043, 130.625, 130.664, 133.645, 134.681, 137.71, 140.982, 145.925, 152.105, 160.938, 177.22, 204.636, 245.4, 310.72, 403.356, 512.31, 573.275, 500.346, 384.696, 291.58, 232.125, 197.231, 177.598, 165.133, 158.161, 154.285, 151.601, 150.884, 149.456, 149.87, 148.893, 149.221, 149.8, 150.283, 150.509, 150.29, 150.419, 151.433, 151.611, 153.61, 152.902, 152.542, 154.732, 152.846, 154.574, 154.994, 154.761, 154.234, 154.761, 154.567, 155.155, 155.467, 155.512, 154.58, 153.932, 153.049, 153.747, 152.171, 151.898, 151.172, 151.71};
 //background x coordinates
 double bgLLbarM[70] = {1.0905, 1.0915, 1.0925, 1.0935, 1.0945, 1.0955, 1.0965, 1.0975, 1.0985, 1.0995, 1.1005, 1.1015, 1.1025, 1.1035, 1.1045, 1.1055, 1.1065, 1.1075, 1.1085, 1.1095, 1.1105, 1.1115, 1.1125, 1.1135, 1.1145, 1.1155, 1.1165, 1.1175, 1.1185, 1.1195, 1.1205, 1.1215, 1.1225, 1.1235, 1.1245, 1.1255, 1.1265, 1.1275, 1.1285, 1.1295, 1.1305, 1.1315, 1.1325, 1.1335, 1.1345, 1.1355, 1.1365, 1.1375, 1.1385, 1.1395, 1.1405, 1.1415, 1.1425, 1.1435, 1.1445, 1.1455, 1.1465, 1.1475, 1.1485, 1.1495, 1.1505, 1.1515, 1.1525, 1.1535, 1.1545, 1.1555, 1.1565, 1.1575, 1.1585, 1.1595};
 //background y coordinates
 double bgLLbarY[70] = {13832.2, 14175.9, 14513.7, 14845.7, 15171.9, 15492.3, 15806.8, 16115.4, 16418.2, 16715, 17006, 17291, 17570, 17843.1, 18110.2, 18371.2, 18626.3, 18875.3, 19118.2, 19355.1, 19585.9, 19810.6, 20029.1, 20241.5, 20447.8, 20647.9, 20841.8, 21029.4, 21210.9, 21386.1, 21555, 21717.7, 21874, 22024.1, 22167.8, 22305.2, 22436.2, 22560.8, 22679, 22790.8, 22896.1, 22995.1, 23087.5, 23173.4, 23252.9, 23325.8, 23392.2, 23452, 23505.3, 23551.9, 23592, 23625.4, 23652.2, 23672.3, 23685.7, 23692.4, 23692.4, 23685.7, 23672.2, 23652, 23625, 23591.1, 23550.5, 23503, 23448.6, 23387.4, 23319.2, 23244.2, 23162.2, 23073.3};
  //v2 vs. invariant mass
  //x coordiantes for data and fits
 double LLbarv2M[16] = {1.0825, 1.0875, 1.0925, 1.0975, 1.1025, 1.1075,
1.1125, 1.1175, 1.1225, 1.1275, 1.1325, 1.1375, 1.1425, 1.1475, 1.1525,
1.1575};
 //y (v2_Tot)  for data
 double LLbarv2Tot[16] = {0.0723344, 0.0658234, 0.0673077, 0.061221,
0.0688562, 0.0675012, 0.0617264, 0.0600984, 0.064083, 0.0668514, 0.0647209,
0.0629032, 0.0678739, 0.0652318, 0.066739, 0.0687036};
 //y error (v2_Tot Error) for data
 double LLbarv2TotErr[16] = {0.00419444, 0.00297529, 0.00264418, 0.00250943,
0.0023635, 0.00202153, 0.000892624, 0.000757566, 0.001841, 0.00209866,
0.0021051, 0.0020719, 0.0020436, 0.0020375, 0.00203938, 0.0020755};
 //y (v2_Tot)  for fit
 double LLbarv2fit[16] = {0.0678927, 0.0677265, 0.0675603, 0.0673941,
0.0671216, 0.0654411, 0.0609675, 0.0606712, 0.0648551, 0.0664, 0.0663938,
0.0661564, 0.0658981, 0.0657319, 0.0655657, 0.0653994};
 //y (v2_Sig*S/(S+B) )  for fit
 double LLbarv2fitSig[16] = {0., 0., 0., 0., 0.000859442, 0.0134158, 0.0502313, 0.0525705, 0.0151865, -2.96385e-05, -0.0015276, -0.000884779, 0, 0, 0, 0};
 //y (v2_Bg*B/(S+B) )  for fit
 double LLbarv2fitBg[16] = {0.0678927, 0.0677265, 0.0675603, 0.0673941,
0.0662622, 0.0520253, 0.0107361, 0.00810076, 0.0496687, 0.0664296, 0.0679214,
0.0670412, 0.0658981, 0.0657319, 0.0655657, 0.0653994};

 //Xi and Anti-X
//Invariant Mass Distribution Data for Xi 
 //x coordinates
double XiXibarM[100] = {
 1.251,
 1.253,
 1.255,
 1.257,
 1.259,
 1.261,
 1.263,
 1.265,
 1.267,
 1.269,
 1.271,
 1.273,
 1.275,
 1.277,
 1.279,
 1.281,
 1.283,
 1.285,
 1.287,
 1.289,
 1.291,
 1.293,
 1.295,
 1.297,
 1.299,
 1.301,
 1.303,
 1.305,
 1.307,
 1.309,
 1.311,
 1.313,
 1.315,
 1.317,
 1.319,
 1.321,
 1.323,
 1.325,
 1.327,
 1.329,
 1.331,
 1.333,
 1.335,
 1.337,
 1.339,
 1.341,
 1.343,
 1.345,
 1.347,
 1.349,
 1.351,
 1.353,
 1.355,
 1.357,
 1.359,
 1.361,
 1.363,
 1.365,
 1.367,
 1.369,
 1.371,
 1.373,
 1.375,
 1.377,
 1.379,
 1.381,
 1.383,
 1.385,
 1.387,
 1.389,
 1.391,
 1.393,
 1.395,
 1.397,
 1.399,
 1.401,
 1.403,
 1.405,
 1.407,
 1.409,
 1.411,
 1.413,
 1.415,
 1.417,
 1.419,
 1.421,
 1.423,
 1.425,
 1.427,
 1.429,
 1.431,
 1.433,
 1.435,
 1.437,
 1.439,
 1.441,
 1.443,
 1.445,
 1.447,
 1.449};
//y coordinates
double XiXibarY[100] = {
 0,
 0,
 0.00736667,
 0.12665,
 0.357567,
 0.557033,
 0.689067,
 0.810333,
 0.899017,
 0.983733,
 1.0557,
 1.08715,
 1.10982,
 1.19312,
 1.22343,
 1.21833,
 1.25828,
 1.31722,
 1.3906,
 1.40023,
 1.45917,
 1.44698,
 1.411,
 1.43508,
 1.39032,
 1.34668,
 1.258,
 1.23675,
 1.1815,
 1.2087,
 1.2665,
 1.37162,
 1.63965,
 2.26695,
 3.49492,
 4.68463,
 3.97205,
 2.48427,
 1.61188,
 1.26622,
 1.11633,
 1.0523,
 1.04295,
 1.00357,
 0.969,
 0.99025,
 0.967017,
 0.9571,
 0.956817,
 0.973817,
 0.933867,
 0.915733,
 0.934433,
 0.918,
 0.9061,
 0.89505,
 0.883433,
 0.862467,
 0.8636,
 0.859633,
 0.886267,
 0.864733,
 0.85085,
 0.8517,
 0.8415,
 0.859067,
 0.837817,
 0.8211,
 0.804667,
 0.79815,
 0.7888,
 0.824217,
 0.75735,
 0.80665,
 0.784833,
 0.799,
 0.75735,
 0.765567,
 0.777467,
 0.7616,
 0.752533,
 0.766983,
 0.765567,
 0.76075,
 0.751967,
 0.7225,
 0.733833,
 0.7361,
 0.7378,
 0.746017,
 0.720233,
 0.735817,
 0.710317,
 0.717117,
 0.7106,
 0.721367,
 0.714,
 0.699833,
 0.70295,
 0.70805};

double bgXiXibarY[100] = {
0,        
0,        
0.00595,  
0.119567, 
0.383067, 
0.536917, 
0.683117, 
0.80835,  
0.894767, 
0.95795,  
1.06392,  
1.06732,  
1.12285,  
1.17782,  
1.18207,  
1.17555,  
1.22428,  
1.21805,  
1.24242,  
1.23902,  
1.26423,  
1.22598,  
1.23817,  
1.20105,  
1.19057,  
1.17413,  
1.1662,   
1.16592,  
1.15713,  
1.13928,  
1.12285,  
1.10897,  
1.07015,  
1.08403,  
1.03303,  
1.06165,  
1.0353,   
1.00697,  
1.03332,  
1.02425,  
0.989967, 
1.0217,   
0.995067, 
1.02,     
0.970417, 
0.96475,  
0.948033, 
0.948883, 
0.931033, 
0.935567, 
0.896467, 
0.90695,  
0.897883, 
0.926783, 
0.889667, 
0.91715,  
0.88825,  
0.86445,  
0.8568,   
0.858217, 
0.84745,  
0.827333, 
0.832717, 
0.836117, 
0.834983, 
0.8024,   
0.820817, 
0.818833, 
0.7803,   
0.78285,  
0.796733, 
0.736383, 
0.772083, 
0.784833, 
0.763017, 
0.761883, 
0.767267, 
0.768967, 
0.7446,   
0.737233, 
0.732133, 
0.72845,  
0.727033, 
0.753383, 
0.741483, 
0.698133, 
0.732983, 
0.709467, 
0.7208,   
0.70635,  
0.697283, 
0.699267, 
0.7072,   
0.695583, 
0.688217, 
0.65705,  
0.701817, 
0.693317, 
0.672067, 
0.6647};

double XiXibarv2Tot[100] = {
0,       
0,       
0.293857,
0.175764,
0.122489,
0.151947,
0.141206,
0.171782,
0.126651,
0.145448,
0.14097, 
0.161456,
0.127244,
0.130726,
0.12944, 
0.145683,
0.132864,
0.128719,
0.153823,
0.128999,
0.140632,
0.165205,
0.135113,
0.1358,  
0.145258,
0.142323,
0.16834, 
0.141655,
0.130246,
0.154761,
0.161688,
0.133502,
0.13684, 
0.144015,
0.152905,
0.153753,
0.162247,
0.151759,
0.163105,
0.126812,
0.154382,
0.134854,
0.124233,
0.13754, 
0.148959,
0.137339,
0.142454,
0.130955,
0.139393,
0.150167,
0.155953,
0.147841,
0.137986,
0.141898,
0.173163,
0.141822,
0.172121,
0.113417,
0.147374,
0.159906,
0.142664,
0.177529,
0.138291,
0.145456,
0.1753,  
0.158121,
0.180657,
0.131942,
0.128072,
0.139143,
0.152239,
0.127752,
0.137463,
0.129441,
0.137853,
0.138557,
0.148742,
0.142994,
0.12773, 
0.164975,
0.142394,
0.151342,
0.149818,
0.11622, 
0.108533,
0.159933,
0.157504,
0.139158,
0.156873,
0.142545,
0.122555,
0.144304,
0.158806,
0.125082,
0.118256,
0.125094,
0.12599, 
0.151403,
0.136035,
0.121062};

double XiXibarv2TotErr[100] = {
0         ,                    
0         ,                    
0.197901  ,                    
0.0439642 ,                    
0.0267313 ,                    
0.0210213 ,                    
0.0190256 ,                    
0.0172287 ,                    
0.0166302 ,                    
0.0157378 ,                    
0.0151481 ,                    
0.0152028 ,                    
0.0150387 ,                    
0.0144284 ,                    
0.0142119 ,                    
0.0141932 ,                    
0.013919  ,                    
0.0138203 ,                    
0.0133058 ,                    
0.0133708 ,                    
0.0130312 ,                    
0.013139  ,                    
0.013189  ,                    
0.013139  ,                    
0.0134328 ,                    
0.0136681 ,                    
0.0139031 ,                    
0.0141384 ,                    
0.0144729 ,                    
0.0143406 ,                    
0.0139221 ,                    
0.0134125 ,                    
0.0123139 ,                    
0.0104206 ,                    
0.00841384,                    
0.00725567,                    
0.00786201,                    
0.0100522 ,                    
0.0123851 ,                    
0.0140688 ,                    
0.014864  ,                    
0.015418  ,                    
0.0154436 ,                    
0.0156914 ,                    
0.0160039 ,                    
0.0158452 ,                    
0.0158392 ,                    
0.0162663 ,                    
0.0160071 ,                    
0.0157924 ,                    
0.0162306 ,                    
0.0164773 ,                    
0.0164714 ,                    
0.0163888 ,                    
0.0165216 ,                    
0.0166194 ,                    
0.0165479 ,                    
0.0170885 ,                    
0.0168779 ,                    
0.0168653 ,                    
0.0166567 ,                    
0.0168072 ,                    
0.0170824 ,                    
0.0170556 ,                    
0.0172475 ,                    
0.0170355 ,                    
0.0170356 ,                    
0.0173331 ,                    
0.0174693 ,                    
0.0175774 ,                    
0.0176932 ,                    
0.0172525 ,                    
0.01788   ,                    
0.0175288 ,                    
0.0179118 ,                    
0.0175563 ,                    
0.0181342 ,                    
0.0180307 ,                    
0.0178858 ,                    
0.0179316 ,                    
0.0181405 ,                    
0.0180418 ,                    
0.0180038 ,                    
0.0181644 ,                    
0.0182274 ,                    
0.0182787 ,                    
0.0182076 ,                    
0.0181054 ,                    
0.0184265 ,                    
0.0182018 ,                    
0.0186607 ,                    
0.0182114 ,                    
0.0187521 ,                    
0.0186059 ,                    
0.0187662 ,                    
0.0183475 ,                    
0.0187786 ,                    
0.0187886 ,                    
0.0188644 ,                    
0.0186959 };               

double XiXibarv2fit[100] = {
0,       
0,       
0.141269,
0.138194,
0.135427,
0.13835, 
0.138013,
0.138182,
0.138542,
0.139329,
0.138856,
0.13972, 
0.139342,
0.140148,
0.140857,
0.141135,
0.141211,
0.142439,
0.143294,
0.143672,
0.144236,
0.1448,  
0.144391,
0.145348,
0.145144,
0.145014,
0.144146,
0.144018,
0.143507,
0.144331,
0.145482,
0.146402,
0.14878, 
0.15138, 
0.154047,
0.155058,
0.154606,
0.152616,
0.149392,
0.147142,
0.146145,
0.145069,
0.145364,
0.144585,
0.144841,
0.145253,
0.145212,
0.145099,
0.145369,
0.145552,
0.145575,
0.145178,
0.145568,
0.144916,
0.145268,
0.144678,
0.144904,
0.14491, 
0.145003,
0.14487, 
0.145381,
0.145312,
0.144945,
0.144827,
0.144598,
0.145314,
0.144583,
0.144232,
0.144509,
0.144233,
0.143686,
0.145249,
0.143269,
0.143808,
0.143668,
0.143793,
0.142717,
0.142672,
0.143221,
0.142875,
0.142605,
0.142783,
0.142583,
0.141695,
0.141543,
0.141653,
0.140853,
0.141226,
0.140745,
0.141038,
0.14039, 
0.140458,
0.139328,
0.139535,
0.139276,
0.14013, 
0.138389,
0.137918,
0.138319,
0.138368};

double XiXibarv2fitbg[100] = {
0,       
0,       
0.11023, 
0.129167,
0.146937,
0.132521,
0.136619,
0.137786,
0.137779,
0.135099, 
0.140112, 
0.136776, 
0.141237, 
0.138078, 
0.1354,   
0.135467, 
0.136849, 
0.130288, 
0.126094, 
0.125089, 
0.122674, 
0.120148, 
0.124621, 
0.119027, 
0.121955, 
0.124333, 
0.132368, 
0.134774, 
0.140178, 
0.135062, 
0.127175, 
0.116096, 
0.0938094,
0.0687946,
0.0425609,
0.0326586,
0.0375906,
0.0585005,
0.0925841,
0.116898, 
0.128229, 
0.140467, 
0.138098, 
0.147177, 
0.145073, 
0.141178, 
0.142105, 
0.14374,  
0.141105, 
0.139336, 
0.139237, 
0.14366,  
0.139377, 
0.146431, 
0.142398, 
0.148586, 
0.145767, 
0.145274, 
0.143757, 
0.144609, 
0.138449, 
0.138467, 
0.141572, 
0.141931, 
0.143372, 
0.134874, 
0.141371, 
0.143795, 
0.139716, 
0.141199, 
0.145278, 
0.128383, 
0.146348, 
0.139528, 
0.139269, 
0.136441, 
0.144789, 
0.143375, 
0.136531, 
0.137812, 
0.138315, 
0.134831, 
0.134617, 
0.140162, 
0.139336, 
0.136315, 
0.14067,  
0.135499, 
0.137098, 
0.132623, 
0.135347, 
0.132596, 
0.138633, 
0.134782, 
0.134291, 
0.126019, 
0.135689, 
0.136444, 
0.131366, 
0.128678};


double XiXibarv2fitsig[100] = {
0,           
0,           
0.0310392,   
0.00902706,  
-0.0115106,  
0.00582893,  
0.0013937,   
0.000395044, 
0.000763018, 
0.00423034, 
-0.00125623,
0.00294456, 
-0.00189547,
0.00206977, 
0.00545738, 
0.0056679,  
0.00436128, 
0.0121513,  
0.0171993,  
0.0185833,  
0.0215623,  
0.0246514,  
0.0197703,  
0.0263217,  
0.0231893,  
0.0206806,  
0.0117781,  
0.0092442,  
0.00332871, 
0.00926956, 
0.0183069,  
0.0303064,  
0.0549708,  
0.0825851,  
0.111486,   
0.1224,     
0.117015,   
0.0941153,  
0.056808,   
0.0302439,  
0.0179155,  
0.00460226, 
0.00726625, 
-0.00259161,
-0.000231384
0.00407554, 
0.00310691, 
0.00135871, 
0.00426481, 
0.00621647, 
0.00633835, 
0.00151803, 
0.00619054, 
-0.00151428,
0.00287038, 
-0.00390782,
-0.000862904
-0.000363951
0.00124619, 
0.000260822,
0.00693176, 
0.00684509, 
0.00337298, 
0.00289577, 
0.00122563, 
0.0104398,  
0.00321136, 
0.000436899,
0.00479258, 
0.00303387, 
-0.00159176,
0.0168658,  
-0.00307889,
0.00428048, 
0.00439947, 
0.00735211, 
-0.00207233,
-0.000702887
0.00669058, 
0.00506359, 
0.00429036, 
0.00795134, 
0.00796605, 
0.00153256, 
0.00220643, 
0.00533762, 
0.000183321,
0.00572636, 
0.0036467,  
0.00841525, 
0.00504312, 
0.00786154, 
0.000694429,
0.00475238, 
0.00498528, 
0.014111,   
0.00270058, 
0.00147374, 
0.00695327, 
0.0096898};


double OObarM[100] = {
1.601,
1.603,
1.605,
1.607,
1.609,
1.611,
1.613,
1.615,
1.617,
1.619,
1.621,
1.623,
1.625,
1.627,
1.629,
1.631,
1.633,
1.635,
1.637,
1.639,
1.641,
1.643,
1.645,
1.647,
1.649,
1.651,
1.653,
1.655,
1.657,
1.659,
1.661,
1.663,
1.665,
1.667,
1.669,
1.671,
1.673,
1.675,
1.677,
1.679,
1.681,
1.683,
1.685,
1.687,
1.689,
1.691,
1.693,
1.695,
1.697,
1.699,
1.701,
1.703,
1.705,
1.707,
1.709,
1.711,
1.713,
1.715,
1.717,
1.719,
1.721,
1.723,
1.725,
1.727,
1.729,
1.731,
1.733,
1.735,
1.737,
1.739,
1.741,
1.743,
1.745,
1.747,
1.749,
1.751,
1.753,
1.755,
1.757,
1.759,
1.761,
1.763,
1.765,
1.767,
1.769,
1.771,
1.773,
1.775,
1.777,
1.779,
1.781,
1.783,
1.785,
1.787,
1.789,
1.791,
1.793,
1.795,
1.797,
1.799};

double OObarY[100] = {
 0,       
 0,       
 0,       
 0,       
 0,       
 0.085,   
 0.164333,
 0.209667,
 0.294667,
 0.396667,
 0.34,    
 0.436333,
 0.447667,
 0.532667,
 0.515667,
 0.765,   
 0.663,   
 0.872667,
 0.646,   
 0.855667,
 0.946333,
 1.04833, 
 1.03133, 
 0.969,   
 1.16733, 
 1.06533, 
 1.08233, 
 1.29767, 
 1.40533, 
 1.52433, 
 1.496,   
 1.564,   
 1.60367, 
 2.108,   
 3.15067, 
 4.00633, 
 4.301,   
 3.57,    
 2.60667, 
 2.06833, 
 1.904,   
 1.615,   
 1.75667, 
 1.751,   
 1.77933, 
 1.39967, 
 1.68867, 
 1.666,   
 1.67167, 
 1.64333, 
 1.60933, 
 1.734,   
 1.7,     
 1.67167, 
 1.802,   
 1.68867, 
 1.89833, 
 1.65467, 
 1.71133, 
 1.615,   
 1.734,   
 1.666,   
 2.006,   
 1.80767, 
 1.717,   
 1.84167, 
 1.92667, 
 2.057,   
 1.99467, 
 1.79633, 
 0, 
 0, 
 0, 
 0, 
 0, 
 0, 
 0, 
 0, 
 0, 
 0, 
 0, 
 0, 
 0, 
 0, 
 0, 
 0, 
 0, 
 0, 
 0, 
 0, 
 0, 
 0, 
 0, 
 0, 
 0, 
 0, 
 0, 
 0, 
 0, 
 0};
 
double bgOObarY[100] = {
 0,             
 0,             
 0,             
 0,             
 0,             
 0.0396667,     
 0.107667,      
 0.130333,      
 0.323,         
 0.357,         
 0.357,         
 0.345667,      
 0.504333,      
 0.606333,      
 0.544,         
 0.697,         
 0.742333,      
 0.697,         
 0.816,         
 0.935,         
 0.776333,      
 0.974667,      
 0.867,         
 0.952,         
 1.01433,       
 1.037,         
 1.11633,       
 1.22967,       
 1.23533,       
 1.19567,       
 1.40533,       
 1.28633,       
 1.29767,       
 1.36567,       
 1.26933,       
 1.34867,       
 1.38267,       
 1.38267,       
 1.43367,       
 1.41667,       
 1.47333,       
 1.37133,       
 1.41667,       
 1.598,         
 1.76233,       
 1.60933,       
 1.57533,       
 1.58667,       
 1.581,         
 1.85867,       
 1.62633,       
 1.71133,       
 1.52433,       
 1.581,         
 1.56967,       
 1.69433,       
 1.68867,       
 1.60933,       
 1.666,         
 1.73967,       
 1.72833,       
 1.75667,       
 1.77367,       
 1.85867,       
 1.73967,       
 1.75667,       
 1.71133,       
 1.67733,       
 1.836,         
 1.666,         
 0,             
 0,             
 0,             
 0,             
 0,             
 0,             
 0,             
 0,             
 0,             
 0,             
 0,             
 0,             
 0,             
 0,             
 0,             
 0,             
 0,             
 0,             
 0,             
 0,             
 0,             
 0,             
 0,             
 0,             
 0,             
 0,             
 0,             
 0,             
 0,             
 0 };

double OObarv2Tot[100] = {
0,
0,
0,
0,
0,
0.174206, 
-0.107904,
0.0392861,
0.334573, 
0.143654,
0.0803606,
0.101354,
-0.0473395,
0.158005,  
0.0337945, 
0.123536,  
0.153762,  
0.272988,  
0.234347,  
0.122191,  
0.0498808, 
0.193677,  
0.153602,  
0.226936,  
0.240787,  
0.175344,  
0.165326,  
0.10702,   
0.168578,  
0.249456,  
0.208023,  
0.255387,  
0.262275,  
0.187363,  
0.156423,  
0.132598,  
0.140615,  
0.180269,  
0.15044,   
0.130013,  
0.141297,  
0.196625,  
0.140249,  
0.164461,  
0.131604,  
0.133021,  
0.148652,  
0.196976,  
0.147422,  
0.161054,  
0.199314,  
0.14781,   
0.22993,   
0.107278,  
0.0480389, 
0.26483,   
0.0577504, 
0.229227,  
0.19635,   
0.0448436, 
0.104033,  
0.196219,  
0.175708,  
0.129351,  
0.156423,  
0.276231,  
0.116354,  
0.186427,  
0.211593,  
0.145651,  
0,         
0,         
0,         
0,         
0,         
0,         
0,         
0,         
0,         
0,         
0,         
0,         
0,         
0,         
0,         
0,         
0,         
0,         
0,         
0,         
0,         
0,         
0,         
0,         
0,         
0,         
0,         
0,         
0,         
0 };

double OObarv2TotErr[100] =  {
0            ,   
0            ,   
0            ,   
0            ,   
0            ,   
0.253136     ,   
0.188967     ,   
0.148008     ,   
0.127274     ,   
0.116903     ,   
0.117765     ,   
0.105588     ,   
0.104957     ,   
0.092235     ,   
0.0962919    ,   
0.0770752    ,   
0.0845665    ,   
0.075529     ,   
0.0835751    ,   
0.079175     ,   
0.0773145    ,   
0.0711457    ,   
0.0718146    ,   
0.0701846    ,   
0.0652779    ,   
0.0676814    ,   
0.0648845    ,   
0.0614913    ,   
0.0603847    ,   
0.057012     ,   
0.0604494    ,   
0.0541174    ,   
0.0558104    ,   
0.0481996    ,   
0.0398608    ,   
0.0355963    ,   
0.0339256    ,   
0.0376798    ,   
0.0434615    ,   
0.0491532    ,   
0.0506928    ,   
0.0558692    ,   
0.0544601    ,   
0.0528974    ,   
0.0536422    ,   
0.0622275    ,   
0.0526831    ,   
0.0543114    ,   
0.0532262    ,   
0.054278     ,   
0.0581302    ,   
0.0534218    ,   
0.0532727    ,   
0.0552181    ,   
0.0517102    ,   
0.0531434    ,   
0.0524035    ,   
0.0527571    ,   
0.0529973    ,   
0.0582135    ,   
0.053439     ,   
0.0568819    ,   
0.050024     ,   
0.0518033    ,   
0.0543297    ,   
0.0520461    ,   
0.05289      ,   
0.0488288    ,   
0.0492398    ,   
0.054069     ,   
0            ,   
0            ,   
0            ,   
0            ,   
0            ,   
0            ,   
0            ,   
0            ,   
0            ,   
0            ,   
0            ,   
0            ,   
0            ,   
0            ,   
0            ,   
0            ,   
0            ,   
0            ,   
0            ,   
0            ,   
0            ,   
0            ,   
0            ,   
0            ,   
0            ,   
0            ,   
0            ,   
0            ,   
0            ,   
0}; 

double OObarv2fit[100] = {
0,       
0,       
0,       
0,       
0,       
0.146471,
0.145579,
0.146833,
0.145102,
0.147521, 
0.148388, 
0.150185, 
0.151233, 
0.152702, 
0.153913, 
0.15465,  
0.156727, 
0.156054, 
0.1602,   
0.160123, 
0.158726, 
0.160602, 
0.160468, 
0.162866, 
0.162236, 
0.16431,  
0.165843, 
0.165311, 
0.164863, 
0.163872, 
0.16689,  
0.16537,  
0.165526, 
0.162962, 
0.158694, 
0.157588, 
0.157401, 
0.158758, 
0.162026, 
0.164786, 
0.166641, 
0.168212, 
0.167396, 
0.169522, 
0.171038, 
0.174122, 
0.169691, 
0.169913, 
0.169582, 
0.172881, 
0.170275, 
0.169493, 
0.16748,  
0.167963, 
0.166233, 
0.167991, 
0.165597, 
0.166352, 
0.16574,  
0.166542, 
0.164674, 
0.164636, 
0.161756, 
0.162583, 
0.161504, 
0.160004, 
0.158526, 
0.15709,  
0.156853, 
0.15586,  
0,        
0,        
0,        
0,        
0,        
0,        
0,        
0,        
0,        
0,        
0,        
0,        
0,        
0,        
0,        
0,        
0,        
0,        
0,        
0,        
0,        
0,        
0,        
0,        
0,        
0,        
0,        
0,        
0,        
0       };

double OObarv2fitbg[100] = {
0,        
0,        
0,        
0,        
0,        
0.0657979,
0.0934193,
0.0895982,
0.159646, 
0.132395, 
0.155952, 
0.118754, 
0.17038,  
0.173622, 
0.162225, 
0.141204, 
0.174826, 
0.125605, 
0.200006, 
0.174147, 
0.131554, 
0.149973, 
0.136365, 
0.160213, 
0.142411, 
0.160287, 
0.170595, 
0.157385, 
0.146565, 
0.131258, 
0.157723, 
0.138516, 
0.136663, 
0.109695, 
0.0683721,
0.0572461,
0.0547657,
0.06608,  
0.0939581,
0.117128, 
0.132427, 
0.14539,  
0.13812,  
0.156305, 
0.169593, 
0.196781, 
0.159539, 
0.16271,  
0.161378, 
0.192701, 
0.171873, 
0.167515, 
0.151849, 
0.159759, 
0.146731, 
0.168498, 
0.148891, 
0.162208, 
0.161733, 
0.178219, 
0.16418,  
0.172868, 
0.144237, 
0.16685,  
0.163501, 
0.153022, 
0.14162,  
0.129171, 
0.144821, 
0.144885, 
0,        
0,        
0,        
0,        
0,        
0,        
0,        
0,        
0,        
0,        
0,        
0,        
0,        
0,        
0,        
0,        
0,        
0,        
0,        
0,        
0,        
0,        
0,        
0,        
0,        
0,        
0,        
0,        
0,        
0};

double OObarv2fitsig[100] = {
0,          
0,          
0,          
0,          
0,          
0.0806732,  
0.0521594,  
0.0572343,  
-0.0145444, 
0.0151262,   
-0.00756311, 
0.0314311,   
-0.0191471,  
-0.0209192,  
-0.00831111, 
0.0134455,   
-0.0180997,  
0.0304489,   
-0.0398058,  
-0.0140243,  
0.0271728,   
0.0106292,   
0.0241022,   
0.00265372,  
0.0198256,   
0.00402293,  
-0.00475169, 
0.0079264,   
0.0182978,   
0.0326141,   
0.0091674,   
0.0268545,   
0.0288627,   
0.0532671,   
0.090322,    
0.100342,    
0.102635,    
0.0926781,   
0.068068,    
0.0476579,   
0.0342141,   
0.022822,    
0.0292765,   
0.0132171,   
0.00144518,  
-0.0226587,  
0.0101518,   
0.00720296,  
0.00820405,  
-0.0198206,  
-0.00159784, 
0.00197728,  
0.0156304,   
0.00820405,  
0.0195024,   
-0.000507591,
0.0167066,   
0.00414417,  
0.00400694,  
-0.0116764,  
0.000494321, 
-0.00823195, 
0.0175191,   
-0.00426758, 
-0.00199686, 
0.00698133,  
0.0169058,   
0.0279189,   
0.0120322,   
0.0109749,   
0,           
0,           
0,           
0,           
0,           
0,           
0,           
0,           
0,           
0,           
0,           
0,           
0,           
0,           
0,           
0,           
0,           
0,           
0,           
0,           
0,           
0,           
0,           
0,           
0,           
0,           
0,           
0,           
0,           
0};

