Data points for Rcp

**********
62.4 GeV
**********


***********************
Lambda + Anti-Lambda
***********************
-----------------------------------------------
pT	   Rcp	    Error on Rcp
-----------------------------------------------
0.7	  0.605	        0.069
0.9	  0.757	  	0.032
1.09	  0.730	  	0.025
1.29	  0.857	  	0.029
1.49	  0.953	  	0.033
1.69	  0.975	  	0.038
1.89	  1.077	  	0.049
2.2	  1.025	  	0.016
2.7	  1.005	  	0.028
3.19	  0.941	  	0.049
3.69	  0.775	  	0.085
4.29      0.898	  	0.254



****************
Xi^{+} + Xi^{-}
****************
-----------------------------------------------
pT	   Rcp	    Error on Rcp
-----------------------------------------------
0.80	  0.956	      0.130
1.09	  0.778	      0.070
1.30	  0.838	      0.063
1.49	  0.896	      0.061
1.70	  0.994	      0.065
1.89	  1.152	      0.079
2.12	  1.132       0.077
2.35	  1.245	      0.098
2.72	  1.158	      0.089
3.28	  1.074	      0.118


**********************************************************************




**********
200 GeV
**********


***********************
Lambda + Anti-Lambda
***********************
-----------------------------------------------
pT	Error on pT	   Rcp	    Error on Rcp
-----------------------------------------------
0.5	  0.25		  0.505        0.077
0.7    	  0.25		  0.545        0.053
0.9       0.25		  0.573        0.048
1.1       0.25		  0.643        0.052
1.3    	  0.25		  0.75         0.079
1.5    	  0.25		  0.795        0.068
1.7    	  0.25		  0.849        0.074
1.9    	  0.25		  0.899        0.081
2.1    	  0.25		  0.813        0.069
2.3    	  0.25		  0.854        0.077
2.5    	  0.25		  0.87         0.068
2.7    	  0.25		  0.876        0.095
2.9    	  0.25		  0.855        0.097
3.17      0.25		  0.857        0.14
3.58      0.25		  0.738        0.12
4.1    	  0.25		  0.698        0.098
4.75      0.25		  0.503        0.094
5.55      0.25		  0.573        0.048
