Data points for mean pT (<pT>) as function of dNch/dy
Au+Au 62.4 GeV

Pion^{-} (Pion Minus)
dNch/dy		Error on dNch/dy	<pT>		Stat Error	Syst Error
560		0   			0.403		0.011		0
460		0			0.404		0.010		0	
350		0			0.402		0.014		0
240		0			0.400		0.012		0
160		0			0.395		0.015		0
100		0			0.385		0.017		0
60		0			0.381		0.018		0
34		0			0.372		0.019		0
16		0			0.357		0.021		0

----------------------------------------------------------------------------------------

K^{-} (Kaon Minus)
dNch/dy		Error on dNch/dy	<pT>		Stat Error	Syst Error
560		0   			0.645		0.029		0
460		0			0.644		0.027		0	
350		0			0.636		0.029		0
240		0			0.629		0.023		0
160		0			0.607		0.021		0
100		0			0.584		0.020		0
60		0			0.560		0.022		0
34		0			0.542		0.015		0
16		0			0.529		0.023		0

----------------------------------------------------------------------------------------

p-bar (Anti-proton)
dNch/dy		Error on dNch/dy	<pT>		Stat Error	Syst Error
560		0   			0.959		0.060		0
460		0			0.950		0.040		0	
350		0			0.928		0.031		0
240		0			0.913		0.060		0
160		0			0.864		0.053		0
100		0			0.812		0.042		0
60		0			0.759		0.042		0
34		0			0.728		0.028		0
16		0			0.702		0.044		0

----------------------------------------------------------------------------------------

K0 short
dNch/dy		Error on dNch/dy	<pT>		Stat Err	SystErr
588		35   			0.684		0.03		0.023
482		28			0.694		0.03		0.023	
361		20			0.681		0.02		0.023
249		10.5			0.660		0.06		0.023
167		8			0.658		0.04		0.022
86		4			0.627		0.04		0.022
26		2			0.611		0.06		0.022

----------------------------------------------------------------------------------------

Lambda
dNch/dy		Error on dNch/dy	<pT>		Stat Err	SystErr
588		35   			0.901		0.04		0.026
482		28			0.899		0.04		0.026	
361		20			0.902		0.03		0.026
249		10.5			0.886		0.03		0.024
167		8			0.862		0.04		0.021
86		4			0.823		0.03		0.015
24		2			0.772		0.06		0.010

----------------------------------------------------------------------------------------

Xi^{-}
dNch/dy		Error on dNch/dy	<pT>		Stat Err	SystErr
580		35   			1.097		0.04		0.043
480		28			1.136		0.04		0.056	
356		20			1.115		0.03		0.049
208		10			1.068		0.03		0.042
84		4			0.975		0.04		0.029
26		2			0.869		0.07		0.013
