Data points for Rcp



****************
Pi^{+} + Pi^{-}
****************
-----------------------------------------------
pT	Error on pT	Rcp	Error on Rcp
-----------------------------------------------
0.25	    0.25	0.569	    0.010
0.35	    0.25	0.578	    0.009
0.45	    0.25	0.624	    0.010
0.55	    0.25	0.656	    0.012
0.65	    0.25	0.671	    0.014
0.75	    0.25	0.674	    0.016
0.85	    0.25	0.695	    0.019
0.95	    0.25	0.715	    0.022
1.1	    0.25	0.712	    0.015
1.3	    0.25	0.717	    0.021
1.5	    0.25	0.690	    0.030
1.7	    0.25	0.682	    0.045
1.9	    0.25	0.602	    0.061
2.25	    0.25	0.530	    0.060
2.75	    0.25	0.573	    0.024
3.25	    0.25	0.519	    0.022
3.75	    0.25	0.481	    0.010
4.25	    0.25	0.457	    0.023
4.75	    0.25	0.464	    0.021
5.5	    0.25	0.412	    0.026
6.5	    0.25	0.422	    0.056
7.5	    0.25	0.392	    0.131



****************
K0 short
****************
-----------------------------------------------
pT	Error on pT	Rcp	Error on Rcp
-----------------------------------------------
0.3	    0	       0.532	  0.062
0.5	    0	       0.582	  0.027
0.7	    0	       0.748	  0.021
0.9	    0	       0.789	  0.018
1.1	    0	       0.803	  0.020
1.3	    0	       0.828	  0.022
1.5	    0	       0.835	  0.027
1.7	    0	       0.817	  0.029
1.9	    0	       0.841	  0.038
2.25	    0	       0.791	  0.041
2.75	    0	       0.716	  0.074
3.25	    0	       0.624	  0.062
3.75	    0	       0.499	  0.093
4.5	    0	       0.515	  0.124
5.5	    0	       0.623	  0.427



***********************
Lambda + Anti-Lambda
***********************
-----------------------------------------------
pT	Error on pT	Rcp	Error on Rcp
-----------------------------------------------
0.7	    0	       0.597	  0.059
0.9	    0	       0.735	  0.026
1.09	    0	       0.751	  0.022
1.29	    0	       0.875	  0.025
1.49	    0	       0.983	  0.029
1.69	    0	       1.015	  0.034
1.89	    0	       1.069	  0.041
2.2	    0	       1.074	  0.015
2.7	    0	       1.067	  0.027
3.19	    0	       0.964	  0.044
3.69	    0	       0.881	  0.083
4.29        0	       1.019	  0.253



****************
Xi^{+} + Xi^{-}
****************
-----------------------------------------------
pT	Error on pT	Rcp	Error on Rcp
-----------------------------------------------
0.80	    0	       0.727	  0.069
1.09	    0	       0.830	  0.058
1.30	    0	       0.928	  0.051
1.49	    0	       0.943	  0.049
1.70	    0	       1.078	  0.056
1.89	    0	       1.231	  0.067
2.12	    0	       1.118	  0.061
2.35	    0	       1.374	  0.088
2.72	    0	       1.268	  0.079
3.29	    0	       1.087	  0.109
4.34        0	       1.030	  0.333
