Data points for T and MuB from thermal model fits as function of center-of-mass energy

-------------------------------------------------------------------------------------
Energy	    Temperature	  Error on Temperature	     MuB	      Error on MuB
-------------------------------------------------------------------------------------
2.24	      0.054	  	0.002		    0.808	         0.005	  

2.32	      0.058		0.004		    0.792		 0.007
2.32	      0.050		0.001		    0.818		 0.015
2.32	      0.050		0.001		    0.810		 0.015
2.32	      0.052		0.002		    0.822		 0.015

4.86	      0.123		0.005		    0.558		 0.015	    
4.86	      0.119		0.005		    0.578		 0.015
4.86	      0.118		0.003		    0.554		 0.013

6.27	      0.136		0.005		    0.472		 0.014
6.27	      0.131		0.005		    0.467		 0.013
	      
7.62	      0.144		0.005		    0.406		 0.019
7.62	      0.140		0.003		    0.414		 0.016

8.77	      0.148		0.005		    0.367		 0.014
8.77	      0.143		0.003		    0.381		 0.009
8.77  	      0.146		0.003		    0.382		 0.009

12.3	      0.155		0.005		    0.284		 0.015
12.3	      0.150		0.005		    0.294		 0.011
12.3	      0.154		0.004		    0.298		 0.010
  
17.3	      0.161		0.006	            0.260		 0.030
17.3	      0.155		0.003		    0.246		 0.010
17.3	      0.158		0.002		    0.249		 0.008

62.4	      0.162		0.006		    0.069		 0.007

130	      0.165		0.007		    0.041		 0.005

200	      0.165		0.006	            0.026		 0.007
