Data points for Efficiency vs pT



*********************
K0 short
********************
-----------------------------------------------
pT	   Efficiency	   Error on Efficiency
-----------------------------------------------
0.3        0.00172167	       0.000122817
0.5	   0.0106663	       0.000284435
0.7	   0.0327921	       0.00052942
0.9	   0.0622523	       0.000837705
1.1	   0.0914383	       0.00120683
1.3	   0.116929	       0.00165065
1.5	   0.130591	       0.00214905
1.7	   0.15197	       0.00289113
1.9	   0.156711	       0.00363503
2.25	   0.1647	       0.00119232
2.75	   0.179878	       0.00229526
3.25	   0.184615	       0.00428521
3.75	   0.203128	       0.00864342
4.5	   0.18495	       0.0134727
5.5	   0.18		       0.0323404



*********************
Lambda
********************
-----------------------------------------------
pT	   Efficiency	   Error on Efficiency
-----------------------------------------------
0.7	   0.00530021	       0.00024043
0.9	   0.0162694	       0.000441899
1.1	   0.0296547	       0.000658213
1.3	   0.0391283	       0.000864107
1.5	   0.0496636	       0.00113567
1.7	   0.059026	       0.00148194
1.9	   0.0665751	       0.0019226
2.25	   0.0681227	       0.000339098
2.75	   0.0808456	       0.000644205
3.25	   0.0842815	       0.0011825
3.75	   0.0854585	       0.00218078
4.5	   0.083008	       0.00355509



*********************
Anti-Lambda
********************
-----------------------------------------------
pT	   Efficiency	   Error on Efficiency
-----------------------------------------------
0.7	  0.00491143	      0.000190615
0.9	  0.0152795	      0.00035148
1.1	  0.0276072	      0.000522889
1.3	  0.0377975	      0.000697192
1.5	  0.04796	      0.000922142
1.7	  0.0548071	      0.00117235
1.9	  0.0628503	      0.00152158
2.25	  0.0664967	      0.000617603
2.75	  0.0779367	      0.00116503
3.25	  0.0845924	      0.00217241
3.75	  0.0792014	      0.00381272
4.5	  0.0856581	      0.00667058



*********************
Xi (Xi^{-})
********************
-----------------------------------------------
pT	   Efficiency	   Error on Efficiency
-----------------------------------------------
0.8	  0.00336147	      0.000190321
1.1	  0.0130406	      0.000561199
1.3	  0.0222826	      0.00080309
1.5	  0.0322705	      0.00108096
1.7	  0.0418378	      0.00141021
1.9	  0.0521155	      0.00183895
2.125	  0.0658301	      0.00221787
2.375	  0.0713159	      0.00283485
2.75	  0.0831812	      0.00302321
3.5	  0.0919631	      0.00444216
4.5	  0.0907534	      0.0130193



*********************
Anti-Xi (Xi^{+})
********************
-----------------------------------------------
pT	   Efficiency	   Error on Efficiency
-----------------------------------------------
0.8	   0.00328721	       0.000238245
1.1	   0.0115702	       0.000668524
1.3	   0.020785	       0.000982334
1.5	   0.0329532	       0.0013967
1.7	   0.039864	       0.00173178
1.9	   0.05038	       0.00227084
2.125	   0.0619116	       0.00269843
2.375	   0.0697514	       0.00358925
2.75	   0.080388	       0.00377856
3.5	   0.0906551	       0.00554044
4.5	   0.0828402	       0.0162909



*********************
Omega (Omega^{-})
********************
-----------------------------------------------
pT	   Efficiency	   Error on Efficiency
-----------------------------------------------
0.75	 0.000128549	      3.08716e-05
1.25	 0.00160652	      0.000120353
1.75	 0.00639497	      0.000305768
2.25	 0.0138513	      0.000601889
3	 0.019032	      0.000950922
4	 0.0197826	      0.00237942


*************************
Anti-Omega (Omega^{+})
*************************
-----------------------------------------------
pT	   Efficiency	   Error on Efficiency
-----------------------------------------------
0.75	   7.97829e-05	      3.00692e-05
1.25	   0.00192331	      0.000147069
1.75	   0.00621398	      0.000357182
2.25	   0.012345	      0.000677662
3	   0.0182472	      0.00108529
4	   0.0198888	      0.00296715
