Data points
Au+Au 62.4 GeV


Centrality 0 - 5%

K0 short
pT    	       d^2N/dydpT	Stat Error
0.3	       27.57370		4.314749
0.5	       26.87036		3.360171
0.7	       27.09635		3.306864
0.9	       17.96919		2.179686
1.1	       11.24163		1.363333
1.3	       6.328847		0.768675
1.5	       3.907852		0.476615

---------------------------------------------

K^{-}
pT    	       d^2N/dydpT	Stat Error
0.275	       32.57392		0.3647292
0.325	       34.70030		0.7101146
0.375	       37.87111		3.412643
0.425	       38.54656		5.399163
0.475	       38.00777		4.185801
0.525	       37.28819		2.614668
0.575	       37.67461		3.39327
0.625	       36.75663		1.850025
0.675	       32.79257		2.641065
0.725	       27.06765		1.415008

---------------------------------------------

K^{+}
pT    	       d^2N/dydpT	Stat Error
0.275	       38.94978		0.7989535
0.325	       41.49211		1.256044
0.375	       44.19043		2.215741
0.425	       44.9741		5.399406
0.475	       42.89641		5.151295
0.525	       42.12734		5.060001
0.575	       41.08151		3.292247
0.625	       39.51731		3.956032
0.675	       36.92345		4.441653
0.725	       33.7594		1.752729



**********************************************



Centrality 30 - 40%

K0 short
pT    	       d^2N/dydpT	Stat Error
0.3	       8.496079		1.387906
0.5	       9.048352		1.148322
0.7	       7.159218		0.878097
0.9	       5.07673		0.619437
1.1	       2.977946 	0.363197
1.3	       1.745303		0.2138415		
1.5	       1.021655		0.1235341

---------------------------------------------

K^{-}
pT    	       d^2N/dydpT	Stat Error
0.275	       10.15991		0.2126692
0.325	       10.60633		0.3232936
0.375	       11.10946		0.5586964
0.425	       11.22083		1.34714
0.475	       10.42192		1.251935
0.525	       10.04446		1.205321
0.575	       9.693227		0.7789067
0.625	       9.326603		0.9328153
0.675	       8.872486		1.067574
0.725	       8.181336		0.4293606

---------------------------------------------

K^{+}
pT    	       d^2N/dydpT	Stat Error
0.275	       12.28693		0.254444
0.325	       12.66266		0.384727
0.375	       13.01091		0.652972
0.425	       12.95389		1.555359
0.475	       12.15891		1.460647
0.525	       11.66081		1.399897
0.575	       11.04443		0.887029
0.625	       10.41831		1.042318
0.675	       9.911568		1.189973
0.725	       9.215391		0.475086
