7.7	3.03743E-02	8.93375E-05	3.67265E-03
11.5	1.74885E-02	4.04404E-05	1.89559E-03	3.19496E-04	5.83380E-05	1.70823E-04	 
19.6	9.29444E-03	2.00169E-05	1.01597E-03	5.86529E-04	1.66685E-05	1.08270E-04	
27	7.05420E-03	1.36232E-05	7.53236E-04	9.00341E-04	1.18074E-05	1.18268E-04
39	5.75422E-03	8.17552E-06	6.32918E-04	1.26583E-03	7.38901E-06	1.27088E-04
62.4	4.80922E-03	1.19722E-05	4.99598E-04	1.73890E-03	1.15803E-05	1.68849E-04	 
200	4.33034E-03	5.91350E-06	6.90003E-04	2.75811E-03	5.83174E-06	4.18153E-04











































