7.7	6.54962E-04	2.01044E-06	1.33248E-04
11.5	4.84780E-04	1.17882E-06	8.67005E-05	3.15343E-04	5.75981E-05	1.73073E-04	 
19.6	3.14554E-04	6.97075E-07	5.55734E-05	1.91711E-04	5.45783E-06	4.23462E-05	
27	2.69821E-04	5.32256E-07	4.73365E-05	1.95731E-04	2.57388E-06	3.49145E-05
39	2.60055E-04	3.75549E-07	4.62384E-05	2.00483E-04	1.17452E-06	3.17337E-05
62.4	2.37314E-04	5.97695E-07	3.91391E-05	2.04761E-04	1.36819E-06	3.16890E-05	 
200	2.56233E-04	3.49911E-07	7.50951E-05	2.20649E-04	4.66540E-07	6.18105E-05




















































































