
Fig 2a 0-5% Central:

Inclusive p+Anti-p
pT (GeV/c) Raa		Raa Error

0.55 	 0.212321 	 0.038597 
0.65 	 0.262832 	 0.047041 
0.75 	 0.371957 	 0.067419 
0.85 	 0.504610 	 0.091031 
0.95 	 0.634965 	 0.118051 
1.05 	 0.677071 	 0.106100 
1.15 	 0.772258 	 0.116792 
1.30 	 0.880520 	 0.127876 
1.50 	 1.228250 	 0.197751 
1.70 	 1.351880 	 0.201224 
1.90 	 1.179070 	 0.185781 
2.25 	 1.394880 	 0.275529 
2.75 	 1.376000 	 0.309593 
3.25 	 0.972187 	 0.217332 
3.75 	 0.806798 	 0.209381 
4.25 	 0.656415 	 0.165257 

For Lambda 
pT (GeV/c)Raa La	Raa Error

0.50 	 0.495982 	 0.113056 
0.70 	 0.420724 	 0.089997 
0.90 	 0.555133 	 0.116488 
1.10 	 0.833210 	 0.175092 
1.30 	 0.973914 	 0.207574 
1.50 	 1.259940 	 0.162204 
1.70 	 1.519820 	 0.207139 
1.90 	 1.904700 	 0.282441 
2.10 	 1.915290 	 0.254313 
2.30 	 2.039740 	 0.304479 
2.50 	 2.271070 	 0.367481 
2.70 	 2.399410 	 0.419295 
2.90 	 2.253430 	 0.424573 
3.25 	 2.414960 	 0.464013 
3.75 	 1.483050 	 0.316994 
4.25 	 1.013890 	 0.297577 

For Xi+Anti-Xi:
pT (GeV/c) Raa Xi	Raa Error

0.90 	 0.792441 	 0.238372 
1.12 	 0.916577 	 0.182121 
1.38 	 1.413220 	 0.244136 
1.62 	 1.542510 	 0.194490 
1.88 	 2.185030 	 0.357589 
2.12 	 1.754280 	 0.260667 
2.38 	 2.475380 	 0.447989 
2.62 	 2.488970 	 0.575123 
2.88 	 2.568230 	 0.747362 
3.50 	 1.874760 	 0.535632 

Nbin Scaling 1 +- 0.16
Npart Scaling 0.168 +- 0.02

Fig 2b: 60-80%
For inclusive p+Anti-p
pT (GeV/c) Raa		Raa Error

0.55 	 0.939423 	 0.181822 
0.65 	 0.978194 	 0.184585 
0.75 	 1.138850 	 0.216049 
0.85 	 1.409110 	 0.268397 
0.95 	 1.540150 	 0.303243 
1.05 	 1.622420 	 0.278609 
1.15 	 1.724510 	 0.264055 
1.30 	 1.647910 	 0.239998 
1.50 	 2.088990 	 0.496973 
1.70 	 1.929440 	 0.496941 
1.90 	 1.505300 	 0.476602 
2.25 	 1.598330 	 0.510833 
2.75 	 1.800550 	 0.508892 
3.25 	 1.440650 	 0.417412 
3.75 	 1.411260 	 0.431883 
4.25 	 1.497940 	 0.445603 

For Lambda: 
pT (GeV/c)  Raa		Raa Error

0.50 	 1.089260 	 0.254534 
0.70 	 1.079700 	 0.233103 
0.90 	 1.172290 	 0.247733 
1.10 	 1.539680 	 0.325725 
1.30 	 1.564440 	 0.335920 
1.50 	 1.746220 	 0.230558 
1.70 	 1.909220 	 0.268058 
1.90 	 2.169410 	 0.333933 
2.10 	 2.191670 	 0.311960 
2.30 	 2.270110 	 0.368458 
2.50 	 3.022680 	 0.530158 
2.70 	 2.354610 	 0.465646 
2.90 	 2.875110 	 0.635592 
3.25 	 3.664500 	 0.769206 
3.75 	 1.937210 	 0.521007 
4.25 	 1.429970 	 0.563369 

For Xi+Anti-Xi: 60-80%
pT (GeV/c)  Raa		Raa Error
0.90 	 1.690950 	 0.440940 
1.12 	 1.514300 	 0.302661 
1.38 	 2.072960 	 0.396828 
1.62 	 2.105510 	 0.342850 
1.88 	 2.875400 	 0.519054 
2.12 	 1.766090 	 0.320714 
2.38 	 2.130220 	 0.482357 
2.62 	 1.720360 	 0.540315 
2.88 	 2.253660 	 0.858871 
3.50 	 1.588630 	 0.547697 

