Fig 3. Data exactly from Refs 19, 5, and 20

Fig 4: Data points as in Fig. 2.
Theory curves are curves through these data points.

0-5% HIJING

Inclusive p+Anti-p
pT (GeV/c) Raa
0.09 	 0.315150 
0.28 	 0.354760 
0.46 	 0.458180 
0.64 	 0.579830 
0.83 	 0.837690 
1.01 	 1.143400 
1.19 	 1.257500 
1.38 	 1.472100 
1.56 	 1.501700 
1.74 	 1.575200 
1.93 	 1.525600 
2.11 	 1.547800 
2.29 	 1.477100 
2.48 	 1.469000 
2.66 	 1.204100 
2.84 	 1.234400 
3.03 	 1.101800 
3.21 	 1.033100 
3.39 	 1.033100 
3.58 	 0.933940 

 Lambda 
pT (GeV/c) Raa

0.09 	 0.459310 
0.28 	 0.519340 
0.46 	 0.639780 
0.64 	 0.813350 
0.83 	 1.134800 
1.01 	 1.538100 
1.19 	 1.716000 
1.38 	 1.895900 
1.56 	 2.055000 
1.74 	 2.060500 
1.93 	 2.026600 
2.11 	 2.103200 
2.29 	 2.009000 
2.48 	 1.877800 
2.66 	 1.963700 
2.84 	 1.710900 
3.03 	 1.618200 
3.21 	 1.630500 
3.39 	 1.630500 
3.58 	 1.544600 
3.76 	 0.144720 

Xi+Anti-Xi
pT (GeV/C) Raa

0.28 	 0.731760 
0.46 	 0.887440 
0.64 	 1.167200 
0.83 	 1.578300 
1.01 	 2.048300 
1.19 	 2.239100 
1.38 	 2.421300 
1.56 	 2.508600 
1.74 	 2.360600 
1.93 	 2.537200 
2.11 	 2.228120 
2.29 	 2.446400 
2.48 	 2.171600 
2.66 	 2.175100 
2.84 	 1.805600 
3.03 	 2.105200 
3.21 	 1.823400 
3.39 	 1.823400 
3.58 	 2.523100

0-5% EPOS 

Inclusive p+Anti-p
pT (GeV/C) Raa

0.05 	 0.114051 
0.15 	 0.091843 
0.25 	 0.102480 
0.35 	 0.119464 
0.45 	 0.143174 
0.55 	 0.174434 
0.65 	 0.216671 
0.75 	 0.266925 
0.85 	 0.325749 
0.95 	 0.387833 
1.05 	 0.460373 
1.15 	 0.537513 
1.25 	 0.615844 
1.35 	 0.708184 
1.45 	 0.761445 
1.55 	 0.807172 
1.65 	 0.906907 
1.75 	 0.940060 
1.85 	 1.011960 
1.95 	 1.097630 
2.05 	 1.070420 
2.15 	 1.093390 
2.25 	 1.131940 
2.35 	 1.191830 
2.45 	 1.124830 
2.55 	 1.229680 
2.65 	 1.334760 
2.75 	 1.046150 
2.85 	 1.109010 
2.95 	 0.978779 
3.05 	 0.996588 
3.15 	 0.808290 
3.25 	 0.948596 
3.35 	 0.689684 
3.45 	 0.753630 
3.55 	 0.812589 
3.65 	 0.640381 
3.75 	 0.683390 
3.85 	 0.564408 
3.95	 0.592555
4.05	 0.560455

Lambda
pT (GeV/C) Raa

0.10 	 0.160804
0.30 	 0.185911
0.50 	 0.280348
0.70 	 0.435053
0.90 	 0.625600
1.10 	 0.892135
1.30 	 1.137770
1.50 	 1.353770
1.70 	 1.522170
1.90 	 1.690420
2.10 	 1.757410
2.30 	 1.856490
2.50 	 1.783010
2.71 	 1.669850
2.90 	 1.573250
3.09 	 1.402890
3.30 	 1.256730
3.50 	 1.089930
3.70 	 0.914541
3.90 	 0.793101
4.08 	 0.731670

Xi+Anti-Xi
pT (GeV/C) Raa

0.10 	 0.335605 
0.30 	 0.355669 
0.50 	 0.542616 
0.70 	 0.838040 
0.90 	 1.253230 
1.10 	 1.706780 
1.30 	 2.101240 
1.50 	 2.660740 
1.70 	 3.043990 
1.90 	 3.486180 
2.10 	 3.704550 
2.30 	 3.637930 
2.50 	 3.625600 
2.70 	 3.955430 
2.90 	 3.151020 
3.10 	 3.209990 
3.30 	 2.500530 
3.50 	 2.326970 
3.70 	 2.473320 
3.90 	 1.894670 
4.10 	 1.855990 

60-80% HIJING 

Inclusive p+Anti-p
pT (GeV/c) Raa

0.09 	 0.750750 
0.28 	 0.762430 
0.46 	 0.872820 
0.64 	 0.982210 
0.83 	 1.213400 
1.01 	 1.464800 
1.19 	 1.645000 
1.38 	 1.805800 
1.56 	 1.932200 
1.74 	 1.890800 
1.93 	 1.850800 
2.11 	 1.729800 
2.29 	 1.656600 
2.48 	 1.735900 
2.66 	 1.552200 
2.84 	 1.539200 
3.03 	 1.232600 
3.21 	 1.232600 
3.39 	 1.232600 
3.58 	 1.140800 
3.76 	 0.867780 


Lambda
pT (GeV/C) Raa

0.09 	 1.011000 
0.28 	 1.084000 
0.46 	 1.171600 
0.64 	 1.377300 
0.83 	 1.728700 
1.01 	 2.125200 
1.19 	 2.355900 
1.38 	 2.628700 
1.56 	 2.940600 
1.74 	 2.954900 
1.93 	 2.503200 
2.11 	 2.703500 
2.29 	 2.557100 
2.48 	 2.962900 
2.66 	 2.641100 
2.84 	 2.705900 
3.03 	 2.176300 
3.21 	 2.703400 
3.39 	 2.703400 
3.58 	 3.365600 
3.76 	 2.401300 

Xi+Anti-Xi
pT (GeV/c) Raa

0.09 	 1.455300 
0.28 	 1.528900 
0.46 	 1.607500 
0.64 	 2.066700 
0.83 	 2.236600 
1.01 	 2.763200 
1.19 	 3.250900 
1.38 	 3.106000 
1.56 	 3.180400 
1.74 	 3.129200 
1.93 	 2.851800 
2.11 	 2.877400 
2.29 	 3.813800 
2.48 	 2.809200 
2.66 	 3.701000 
2.84 	 3.116900 
3.03 	 2.324500 
3.21 	 2.675200 
3.39 	 2.675200 
3.58 	 3.139800 


60-80% EPOS

p+anti-p
pT (GeV/c) Raa

0.05 	 0.365864 
0.15 	 0.328913 
0.25 	 0.351611 
0.35 	 0.372944 
0.45 	 0.408807 
0.55 	 0.453232 
0.65 	 0.520700 
0.75 	 0.612068 
0.85 	 0.720513 
0.95 	 0.803443 
1.05 	 0.936059 
1.15 	 1.043810 
1.25 	 1.157700 
1.35 	 1.280380 
1.45 	 1.427800 
1.55 	 1.512330 
1.65 	 1.642420 
1.75 	 1.747130 
1.85 	 1.807980 
1.95 	 1.823610 
2.05 	 1.866700 
2.15 	 1.959620 
2.25 	 2.121120 
2.35 	 2.098780 
2.45 	 1.876270 
2.55 	 1.926990 
2.65 	 2.480180 
2.75 	 2.256780 
2.85 	 1.866020 
2.95 	 2.377540 
3.05 	 1.553710 
3.15 	 1.514960 
3.25 	 1.751350 
3.35 	 1.638570 
3.45 	 1.987430 
3.55 	 1.738020 
3.65 	 1.381390 
3.75 	 0.794128 
3.85 	 1.314620 
3.95 	 1.316460 
4.05 	 1.022900 

 Lambda 
pT (GeV/c) Raa

0.10 	 0.390864 
0.30 	 0.392221 
0.50 	 0.540312 
0.70 	 0.760438 
0.90 	 1.014680 
1.10 	 1.379480 
1.30 	 1.691140 
1.50 	 2.008260 
1.70 	 2.154580 
1.90 	 2.460830 
2.10 	 2.435420 
2.28 	 2.616880 
2.50 	 2.443010 
2.70 	 2.212120 
2.90 	 2.168780 
3.17 	 2.100010 
3.30 	 1.987610 
3.50 	 1.770880 
3.70 	 1.509650 
3.84 	 1.348240 
4.10 	 1.132380 

Xi+Anti-Xi 
pT (GeV/c) Raa

0.10 	 0.622685 
0.30 	 0.655389 
0.50 	 0.928224 
0.70 	 1.314320 
0.90 	 1.834690 
1.10 	 2.447820 
1.30 	 2.818960 
1.50 	 3.533330 
1.70 	 4.071620 
1.90 	 4.267240 
2.10 	 5.026740 
2.30 	 4.757240 
2.50 	 5.425260 
2.70 	 4.844660 
2.90 	 5.020950 
3.10 	 3.587670 
3.30 	 2.867650 
3.50 	 2.979080 
3.70 	 2.974580 
3.90 	 2.541330 
4.10 	 2.405720 
